Mut	Algs	Freq	Poly	Selection	Susc	Position
143R	2	2	2	2	2	2
148R	2	2	2	2	2	2
148H	2	2	2	2	2	2
148K	2	2	2	2	2	2
155H	2	2	2	2	2	2
66A	2	2	2	2	1	2
66I	2	2	2	2	1	2
66K	2	1	2	2	2	2
92Q	2	2	2	2	1	2
121Y	2	1	2	2	2	2
140A	2	2	2	2	1	2
140S	2	2	2	2	1	2
143C	2	2	2	2	1	2
147G	2	2	2	2	1	2
263K	2	2	2	2	1	2
138T	1	2	2	2	1	2
118R	2	1	2	2	1	2
138K	2	2	2	2	0	2
138A	2	2	2	2	0	2
143H	2	2	2	2	0	2
143G	1	1	2	1	2	2
140C	1	1	2	2	1	2
143S	1	1	2	2	1	2
92G	1	1	2	1	1	2
230R	1	2	2	2	1	0
155T	1	0	2	0	2	2
155S	1	0	2	0	2	2
75I	1	2	2	2	0	0
163K	1	2	1	2	1	0
143K	1	0	2	0	2	2
143A	1	0	2	0	2	2
92V	1	0	2	0	2	2
49P	0	2	1	1	2	0
151A	1	0	2	1	1	1
51Y	1	1	2	2	0	0
148E	0	0	2	2	0	2
151L	1	0	2	0	2	1
145S	1	0	2	0	2	1
74M	2	2	0	2	0	0
97A	2	2	0	2	0	0
153Y	1	0	2	0	1	1
146R	0	1	2	1	0	1
148G	0	0	2	1	0	2
95K	0	2	1	2	0	0
157Q	1	2	0	2	0	0
163R	0	2	1	2	0	0
232N	0	2	1	2	0	0
146P	1	0	2	0	1	1
146I	0	0	2	0	2	1
148N	0	0	2	0	0	2
114Y	0	1	2	1	0	0
74F	1	0	2	0	1	0
146L	0	0	2	0	1	1
153F	1	0	2	0	0	1
146K	0	0	2	0	0	1
74I	1	2	0	0	0	0
149A	0	0	2	0	0	1
49G	0	0	2	0	0	0
230G	0	0	2	0	0	0
