Position	AA	% Naive Positive	# Naive Positive	# Naive Patients	% Treated Positive	# Treated Positive	# Treated Patients	P Value	Rank	P Value (Corrected)	Is DRM	Is Important Position
31	M	0.0006836544437538845	11	16090	0.0050798258345428155	7	1378	8.821517070724549e-06	190	0.0016760882434376644	False	False
49	G	0.00019011406844106463	3	15780	0.003566333808844508	5	1402	6.697895009168682e-07	200	0.00013395790018337365	False	False
51	D	0.00018999366687777073	3	15790	0.005641748942172073	8	1418	4.756201622309093e-13	214	1.0178271471741458e-10	False	False
51	Y	0.00031665611146295124	5	15790	0.004936530324400564	7	1418	7.13629674364363e-09	206	1.4700771291905878e-06	True	False
66	A	0.0005066176936229498	8	15791	0.007447528774542992	11	1477	3.240418766274129e-13	215	6.966900347489378e-11	True	True
66	I	0.00037996327021721236	6	15791	0.014895057549085985	22	1477	3.4633579151403355e-38	228	7.896456046519965e-36	True	True
66	K	0.0	0	15791	0.002708192281651997	4	1477	1.6397740021991962e-08	203	3.3287412244643685e-06	True	True
69	Q	0.0	0	15812	0.0020435967302452314	3	1468	3.3271748846805753e-06	194	0.0006454719276280316	False	False
75	I	0.00075934949060305	12	15803	0.009504412763068567	14	1473	2.2010586229460734e-15	219	4.820318384251901e-13	False	False
79	I	0.0019602883520930823	31	15814	0.01963439404197698	29	1477	2.9154856892574257e-27	227	6.618152514614357e-25	False	False
92	A	6.32351081320349e-05	1	15814	0.003997335109926716	6	1501	4.8921418609989035e-11	212	1.0371340745317676e-08	False	True
92	G	0.00031617554066017454	5	15814	0.003997335109926716	6	1501	1.0974530115790933e-06	198	0.0002172956962926605	True	True
92	Q	6.32351081320349e-05	1	15814	0.057961359093937376	87	1501	3.581733838631443e-197	236	8.452891859170206e-195	True	True
95	K	0.0010741817262732213	17	15826	0.012855209742895805	19	1478	3.330800284657323e-20	221	7.361068629092685e-18	True	False
96	N	6.313529894564051e-05	1	15839	0.0034036759700476512	5	1469	5.007676366365554e-09	208	1.0415966842040351e-06	False	False
112	S	0.0004983181761554753	8	16054	0.007853403141361256	12	1528	8.962229082040232e-15	217	1.9448037108027305e-12	False	False
118	R	0.00018977732793522267	3	15808	0.0047814207650273225	7	1464	1.368561843983822e-10	211	2.8876654908058644e-08	True	True
121	Y	6.325110689437066e-05	1	15810	0.0034083162917518746	5	1467	5.051809089818775e-09	207	1.0457244815924864e-06	True	False
124	R	0.0	0	16223	0.001959503592423253	3	1531	4.023045629224109e-06	192	0.000772424760811029	False	False
138	A	6.317119393556538e-05	1	15830	0.02462734931950745	38	1543	5.441373385414012e-82	232	1.2623986254160507e-79	True	True
138	K	0.0020214782059380923	32	15830	0.05443940375891121	84	1543	5.68373096135709e-127	235	1.3356767759189162e-124	True	True
138	T	0.0	0	15830	0.005832793259883344	9	1543	1.789061908885244e-19	220	3.935936199547537e-17	True	True
140	A	0.0	0	15813	0.018384766907419567	28	1523	7.899542824786746e-63	230	1.8168948497009515e-60	True	True
140	C	0.0	0	15813	0.004596191726854892	7	1523	3.865197039324309e-15	218	8.426129545726994e-13	True	True
140	S	0.0003161955353190413	5	15813	0.19960604070912671	304	1523	0.0	241	0.0	True	True
142	T	0.00018969332911792603	3	15815	0.00408997955010225	6	1467	1.4646228035599083e-08	205	3.0024767472978122e-06	False	False
143	C	0.0	0	15810	0.032171581769437	48	1492	2.0302924846760927e-110	234	4.750884414142057e-108	True	True
143	G	0.0	0	15810	0.002680965147453083	4	1492	1.9040485314414193e-08	202	3.846178033511667e-06	True	True
143	H	0.00044275774826059455	7	15810	0.011394101876675604	17	1492	8.569231892981625e-26	226	1.9366464078138473e-23	True	True
143	R	0.0	0	15810	0.06166219839142091	92	1492	1.2838719975182583e-212	237	3.042776634118272e-210	True	True
143	S	6.325110689437066e-05	1	15810	0.004691689008042895	7	1492	2.4869680885797725e-13	216	5.371851071332309e-11	True	True
146	R	0.0	0	15809	0.002722940776038121	4	1469	1.4673345740904504e-08	204	2.9933625311445188e-06	False	False
147	G	0.0003794106487922094	6	15814	0.019594594594594596	29	1480	1.0841454020498192e-53	229	2.482692970694086e-51	True	True
148	H	0.00018976532354987667	3	15809	0.17796610169491525	273	1534	0.0	240	0.0	True	True
148	K	6.325510784995888e-05	1	15809	0.007170795306388526	11	1534	8.071960454962321e-22	222	1.7919752210016352e-19	True	True
148	R	0.0002530204313998355	4	15809	0.06779661016949153	104	1534	8.298431982495803e-224	238	1.9750268118340013e-221	True	True
155	D	0.00018982536066818528	3	15804	0.003213367609254499	5	1556	2.8236636740423206e-06	195	0.0005506144164382525	False	True
155	H	0.00018982536066818528	3	15804	0.2538560411311054	395	1556	0.0	239	0.0	True	True
163	K	0.002140114559073456	34	15887	0.018360655737704918	28	1525	2.9978988598521677e-23	224	6.7152934460688556e-21	True	False
170	A	0.00018989745537409798	3	15798	0.008813559322033898	13	1475	2.1816001901984894e-23	225	4.908600427946601e-21	False	False
171	R	0.0005046363464328518	8	15853	0.0047522063815342835	7	1473	1.3054190940090762e-06	197	0.000257167561519788	False	False
180	I	0.0009492469307682572	15	15802	0.0054533060668029995	8	1467	3.315704957649741e-05	189	0.00626668236995801	False	False
195	H	6.331518298087882e-05	1	15794	0.0027210884353741495	4	1470	8.363551325461453e-07	199	0.0001664346713766829	False	False
212	L	0.0008236710384591016	13	15783	0.00546448087431694	8	1464	7.491066164525784e-06	191	0.0014307936374244247	False	False
229	N	0.000254323499491353	4	15728	0.0047748976807639835	7	1466	1.890178424254555e-09	210	3.969374690934565e-07	False	False
230	R	0.0003795066413662239	6	15810	0.027683997299122215	41	1481	8.364145328409254e-81	231	1.9321175708625378e-78	True	False
232	N	0.003801317790167258	60	15784	0.05862758161225849	88	1501	3.698272075768301e-106	233	8.616973936540141e-104	False	False
234	F	0.0029731781376518217	47	15808	0.015364061456245824	23	1497	2.4509879039724426e-12	213	5.220604235461303e-10	False	False
241	F	0.0005726283641916397	9	15717	0.004801097393689987	7	1458	3.948178856398794e-06	193	0.0007619985192849673	False	False
253	N	0.0005725555060754501	9	15719	0.0061643835616438354	9	1460	3.758105251383634e-09	209	7.854439975391795e-07	False	False
253	Y	0.0011451110121509002	18	15719	0.00684931506849315	10	1460	1.3700330615173395e-06	196	0.00026852648005739856	False	False
263	K	0.0014062899514190744	22	15644	0.01518288474810214	22	1449	5.965268094911438e-22	223	1.3302547851652506e-19	True	True
264	R	0.000962402155780829	15	15586	0.006934812760055479	10	1442	1.1114180425421e-07	201	2.233950265509621e-05	False	False
