Position	AA	# Naive Positive	# Naive Patients	# Treated Positive	# Treated Patients	P Value
1	F	14891	14906	1141	1141	0.569038329993092
1	G	1	14906	0	1141	0.09513258599013702
1	I	4	14906	0	1141	0.674863368324959
1	S	7	14906	0	1141	0.9973303491908307
1	V	3	14906	0	1141	0.5195025820660384
2	*	1	14928	0	1144	0.09535468461901497
2	F	2	14928	1	1144	0.5200411345138147
2	I	4	14928	2	1144	0.0884103710698596
2	L	14915	14928	1140	1144	0.03068312731803313
2	P	1	14928	0	1144	0.09535468461901497
2	S	3	14928	0	1144	0.5200411345138147
2	W	2	14928	1	1144	0.5200411345138147
3	D	14683	14932	1135	1141	0.004345884584195278
3	E	190	14932	3	1141	0.0040203063743484676
3	G	8	14932	0	1141	0.9254937899629175
3	K	1	14932	0	1141	0.09479692362219659
3	N	45	14932	2	1141	0.6342126709743048
3	Q	1	14932	1	1141	0.32419896633858647
3	S	1	14932	0	1141	0.09479692362219659
3	Y	3	14932	0	1141	0.5186875886567575
4	A	1	14945	0	1141	0.09462957345448186
4	E	18	14945	1	1141	0.8916686218096276
4	G	14799	14945	1140	1141	0.0039600547845333465
4	K	42	14945	0	1141	0.1356741858793751
4	N	7	14945	0	1141	0.9959094575995211
4	R	70	14945	0	1141	0.037205050063696156
4	S	8	14945	0	1141	0.9259683437220979
5	I	15088	15103	1144	1144	0.5744031435857245
5	K	2	15103	0	1144	0.32082590876082395
5	L	3	15103	0	1144	0.5145958373128741
5	M	2	15103	0	1144	0.32082590876082395
5	R	1	15103	0	1144	0.09312013172813462
5	T	2	15103	0	1144	0.32082590876082395
5	V	5	15103	0	1144	0.7959196135051241
6	A	1	15085	0	1140	0.09268090129618403
6	D	14274	15085	1074	1140	0.598127487708491
6	E	585	15085	49	1140	0.5308184891976293
6	G	2	15085	0	1140	0.31993866928108455
6	H	4	15085	0	1140	0.6683720692220986
6	K	1	15085	0	1140	0.09268090129618403
6	N	114	15085	9	1140	0.9598326659624775
6	S	50	15085	1	1140	0.2529554879235736
6	T	50	15085	7	1140	0.19521814689045902
6	V	2	15085	0	1140	0.31993866928108455
6	Y	2	15085	0	1140	0.31993866928108455
7	*	1	15087	0	1139	0.09248923010004637
7	A	2	15087	0	1139	0.3195510229226957
7	D	1	15087	1	1139	0.3195510229226957
7	E	96	15087	11	1139	0.2564548515692937
7	I	1	15087	0	1139	0.09248923010004637
7	K	14497	15087	1072	1139	0.001486035473738052
7	N	1	15087	0	1139	0.09248923010004637
7	Q	159	15087	12	1139	0.8812358189468434
7	R	324	15087	43	1139	0.0005415774222846198
7	T	4	15087	0	1139	0.6678608165424416
7	V	1	15087	0	1139	0.09248923010004637
8	A	15212	15223	1145	1147	0.5219366553444826
8	D	2	15223	0	1147	0.3187939660974137
8	G	1	15223	0	1147	0.09211528046537336
8	L	0	15223	1	1147	0.09211528046537336
8	P	2	15223	1	1147	0.5121271148241975
8	T	1	15223	0	1147	0.09211528046537336
8	V	5	15223	0	1147	0.7931286666879964
9	H	3	15221	1	1147	0.6669283393838292
9	K	0	15221	1	1147	0.09214013653201636
9	P	10	15221	0	1147	0.8035391602747474
9	Q	15207	15221	1145	1147	0.7105313489569696
9	R	1	15221	0	1147	0.09214013653201636
10	A	60	15135	3	1143	0.6481445810924024
10	D	829	15135	92	1143	0.0003677383113295993
10	E	14181	15135	1047	1143	0.006553739433329797
10	G	22	15135	1	1143	0.9251767347651915
10	H	1	15135	0	1143	0.09255170133156088
10	I	1	15135	0	1143	0.09255170133156088
10	K	27	15135	0	1143	0.2926938800180491
10	N	1	15135	0	1143	0.09255170133156088
10	Q	4	15135	0	1143	0.6680275470208917
10	V	9	15135	0	1143	0.8632847740053728
11	A	16	15051	0	1144	0.53840443536213
11	D	3821	15051	263	1144	0.07758774273924654
11	E	11154	15051	881	1144	0.03308740712060156
11	G	12	15051	0	1144	0.6951678768012046
11	H	1	15051	0	1144	0.09377813664119569
11	K	16	15051	0	1144	0.53840443536213
11	N	6	15051	0	1144	0.9033897984334617
11	Q	20	15051	0	1144	0.42540071355311615
11	S	4	15051	0	1144	0.6712881781377954
11	V	1	15051	0	1144	0.09377813664119569
12	H	15223	15230	1145	1147	0.2558751757310863
12	N	0	15230	1	1147	0.09202834129031748
12	P	4	15230	0	1147	0.6666293020300968
12	Q	0	15230	1	1147	0.09202834129031748
12	S	2	15230	0	1147	0.3186177830234248
12	T	1	15230	0	1147	0.09202834129031748
13	A	10	15212	0	1140	0.8065366997625338
13	D	268	15212	19	1140	0.9053348050211412
13	E	14868	15212	1121	1140	0.22615816433467606
13	G	17	15212	0	1140	0.5138379465724194
13	K	46	15212	0	1140	0.11655120516415689
13	Q	2	15212	0	1140	0.31672721510924373
13	V	1	15212	0	1140	0.09109733677369515
14	E	2	15028	0	1123	0.31563599928618125
14	K	10332	15028	992	1123	2.7314676184784476e-43
14	L	2	15028	0	1123	0.31563599928618125
14	N	1	15028	0	1123	0.09056159852931506
14	R	4689	15028	131	1123	3.979121554123076e-43
14	S	1	15028	0	1123	0.09056159852931506
14	T	1	15028	0	1123	0.09056159852931506
15	C	2	15269	0	1149	0.3183054755648098
15	F	8	15269	0	1149	0.9338559532033005
15	H	3	15269	1	1149	0.6662169593418559
15	I	0	15269	1	1149	0.09187429570190764
15	N	0	15269	1	1149	0.09187429570190764
15	S	2	15269	0	1149	0.3183054755648098
15	Y	15254	15269	1146	1149	0.2515835899787215
16	D	1	15263	0	1152	0.09244208305465691
16	H	15242	15263	1148	1152	0.17141936758645412
16	L	4	15263	0	1152	0.6677351088466732
16	N	0	15263	1	1152	0.09244208305465691
16	P	8	15263	2	1152	0.3229483575595973
16	R	5	15263	0	1152	0.7940382060524005
16	V	1	15263	0	1152	0.09244208305465691
16	Y	2	15263	1	1152	0.5129314685139599
17	C	187	15046	7	1142	0.08100089452639164
17	G	6	15046	0	1142	0.902626539031262
17	I	5	15046	0	1142	0.7969906503786943
17	N	2403	15046	307	1142	2.5187055223797484e-21
17	R	6	15046	0	1142	0.902626539031262
17	S	12223	15046	816	1142	1.1102850421151184e-15
17	T	216	15046	12	1142	0.35047594254133896
18	D	5	15278	3	1151	0.007205783521595908
18	H	3	15278	0	1151	0.5120689368280372
18	I	3	15278	0	1151	0.5120689368280372
18	K	3	15278	0	1151	0.5120689368280372
18	L	2	15278	0	1151	0.3187461025173545
18	N	15248	15278	1148	1151	0.8978483622923942
18	Q	1	15278	0	1151	0.09209164260349886
18	S	6	15278	0	1151	0.8986152077053972
18	T	3	15278	0	1151	0.5120689368280372
18	V	1	15278	0	1151	0.09209164260349886
18	Y	3	15278	0	1151	0.5120689368280372
19	*	112	15327	0	1150	0.006474664110567082
19	C	1	15327	0	1150	0.09132352237084639
19	G	1	15327	0	1150	0.09132352237084639
19	K	1	15327	0	1150	0.09132352237084639
19	L	1	15327	0	1150	0.09132352237084639
19	R	7	15327	0	1150	0.9864575788718727
19	W	15204	15327	1150	1150	0.00408273163919175
20	E	2	15207	0	1140	0.3168529025623867
20	G	5	15207	1	1140	0.8959537328771655
20	I	1	15207	0	1140	0.09115912588671152
20	K	878	15207	83	1140	0.04326788823258169
20	R	14319	15207	1056	1140	0.041290105806908076
20	T	2	15207	0	1140	0.3168529025623867
21	A	13107	15242	1102	1148	1.0162256791832005e-21
21	G	1	15242	0	1148	0.09204420355658005
21	I	1	15242	0	1148	0.09204420355658005
21	M	2	15242	0	1148	0.31864994079442344
21	N	1	15242	0	1148	0.09204420355658005
21	P	3	15242	0	1148	0.5119520215911902
21	Q	1	15242	0	1148	0.09204420355658005
21	R	1	15242	0	1148	0.09204420355658005
21	S	108	15242	15	1148	0.036898756029287515
21	T	2017	15242	31	1148	3.7125204714940513e-25
22	I	117	15371	4	1154	0.1573395461652827
22	K	1	15371	0	1154	0.09143756796891166
22	L	172	15371	2	1154	0.003902593561511707
22	M	15070	15371	1146	1154	0.0032096110940215286
22	N	1	15371	0	1154	0.09143756796891166
22	R	4	15371	1	1154	0.7912368348423051
22	T	3	15371	0	1154	0.5104549719180558
22	V	3	15371	1	1154	0.6650459660283616
23	A	14292	15283	1094	1150	0.03576881214080549
23	C	1	15283	0	1150	0.09186551702162774
23	D	3	15283	0	1150	0.5115115500318173
23	G	6	15283	1	1150	0.9880207879086106
23	H	1	15283	0	1150	0.09186551702162774
23	S	15	15283	3	1150	0.2515535063891736
23	T	23	15283	3	1150	0.60060441347449
23	V	942	15283	49	1150	0.010775495681063752
24	A	46	15275	5	1147	0.6058167081214615
24	C	2	15275	0	1147	0.3174880178478714
24	D	96	15275	9	1147	0.654181472167684
24	E	4	15275	0	1147	0.6651371448665844
24	G	247	15275	26	1147	0.12351443979899303
24	H	41	15275	1	1147	0.38488626507933466
24	I	1	15275	0	1147	0.09147155965527065
24	K	4	15275	0	1147	0.6651371448665844
24	N	1181	15275	60	1147	0.0024272109457899502
24	Q	10	15275	0	1147	0.8054588333158346
24	R	7	15275	0	1147	0.9868851558493889
24	S	13628	15275	1046	1147	0.04095840325534872
24	T	8	15275	0	1147	0.9350207113071286
25	C	2	15332	0	1142	0.314396838220879
25	D	13132	15332	1069	1142	7.596482781544526e-14
25	E	2140	15332	73	1142	6.587892877043872e-13
25	G	3	15332	0	1142	0.5067747162513774
25	K	36	15332	0	1142	0.1899042661890161
25	N	18	15332	0	1142	0.4874971265115654
25	V	1	15332	0	1142	0.08995446896154917
26	F	15370	15429	1149	1155	0.6347359884316323
26	I	1	15429	0	1155	0.0908923612282156
26	L	5	15429	1	1155	0.8951893415042632
26	M	1	15429	0	1155	0.0908923612282156
26	S	1	15429	0	1155	0.0908923612282156
26	V	1	15429	0	1155	0.0908923612282156
26	Y	50	15429	5	1155	0.7224106543947366
27	D	19	15402	0	1148	0.45991617002285623
27	G	188	15402	2	1148	0.002161963504284439
27	H	24	15402	2	1148	0.8146322222198196
27	I	2	15402	0	1148	0.31465813284834615
27	K	3	15402	0	1148	0.5070931795152744
27	L	1	15402	0	1148	0.09008232589244963
27	N	15090	15402	1141	1148	0.0011341633514992315
27	Q	3	15402	0	1148	0.5070931795152744
27	S	71	15402	3	1148	0.45394683836609795
27	Y	1	15402	0	1148	0.09008232589244963
28	I	1205	15346	89	1150	0.9356754406317851
28	L	14115	15346	1059	1150	0.94060103465677
28	M	20	15346	2	1150	0.9774737405240886
28	P	4	15346	0	1150	0.6641133328012614
28	V	2	15346	0	1150	0.3167134866910057
29	A	1	15444	0	1152	0.09022336989004888
29	L	1	15444	0	1152	0.09022336989004888
29	P	15439	15444	1152	1152	0.7878278332911859
29	S	1	15444	0	1152	0.09022336989004888
29	T	2	15444	0	1152	0.31494619815748615
30	A	138	15431	15	1151	0.21501251749583267
30	F	1	15431	0	1151	0.090218442525688
30	H	8	15431	0	1151	0.9386653214741738
30	L	3	15431	1	1151	0.661761357379577
30	P	15205	15431	1125	1151	0.04548907612885568
30	Q	2	15431	1	1151	0.5074319372569152
30	R	1	15431	0	1151	0.090218442525688
30	S	72	15431	8	1151	0.390582645845458
30	T	1	15431	1	1151	0.31493613038952806
31	A	1	15070	0	1120	0.08954148743266961
31	E	1	15070	0	1120	0.08954148743266961
31	G	1	15070	1	1120	0.3135518936731469
31	I	6913	15070	353	1120	1.5781018396112697e-20
31	L	4	15070	0	1120	0.6599270922522751
31	M	10	15070	6	1120	1.4895104321497557e-05
31	V	8140	15070	760	1120	3.4787416774219076e-19
32	A	1	15343	0	1149	0.09096385925438506
32	I	951	15343	56	1149	0.08104720371198935
32	L	11	15343	0	1149	0.752329530692367
32	V	14380	15343	1093	1149	0.06558974179595187
33	A	15434	15444	1150	1151	0.754925587355988
33	G	1	15444	0	1151	0.09006118921764006
33	I	1	15444	0	1151	0.09006118921764006
33	P	2	15444	0	1151	0.3146149789298421
33	S	1	15444	0	1151	0.09006118921764006
33	T	5	15444	1	1151	0.8927997803763561
34	E	1	15415	0	1147	0.08976249490257553
34	K	15134	15415	1117	1147	0.07262875601867523
34	N	1	15415	0	1147	0.08976249490257553
34	R	277	15415	30	1147	0.06156027690383177
34	T	2	15415	0	1147	0.3140043708256477
35	A	1	15434	0	1152	0.09034443757991593
35	D	1	15434	0	1152	0.09034443757991593
35	E	15322	15434	1144	1152	0.9525088066244691
35	G	4	15434	0	1152	0.6621018998363819
35	K	37	15434	2	1152	0.8952503365462692
35	Q	68	15434	6	1152	0.868871113703582
35	Y	1	15434	0	1152	0.09034443757991593
36	I	15451	15466	1152	1154	0.7602783718017445
36	L	6	15466	0	1154	0.8934344569647222
36	M	3	15466	1	1154	0.661931922668082
36	R	1	15466	0	1154	0.09028152767650874
36	V	5	15466	1	1154	0.8934344569647222
37	A	3	15448	0	1152	0.5073238509385618
37	I	505	15448	27	1152	0.10238555561287989
37	L	1	15448	0	1152	0.09017499187131299
37	M	2	15448	0	1152	0.3148474216583865
37	P	1	15448	0	1152	0.09017499187131299
37	Q	1	15448	0	1152	0.09017499187131299
37	S	1	15448	0	1152	0.09017499187131299
37	V	14934	15448	1125	1152	0.08405314251166901
38	A	15411	15456	1149	1153	0.955824319092442
38	G	2	15456	0	1153	0.3149809284270881
38	H	1	15456	0	1153	0.09024037809706467
38	K	3	15456	1	1153	0.6618206823667239
38	N	20	15456	1	1153	0.9710961925938674
38	P	4	15456	0	1153	0.6618206823667239
38	S	5	15456	0	1153	0.7878757642650267
38	T	8	15456	0	1153	0.9386013369643805
38	V	2	15456	2	1153	0.016179293070381524
39	A	3	15304	0	1150	0.5108720698086131
39	C	1095	15304	116	1150	0.0003017949895880282
39	G	11	15304	3	1150	0.11058388020778184
39	H	4	15304	0	1150	0.6654989936514675
39	I	0	15304	1	1150	0.09160640543875802
39	K	1	15304	0	1150	0.09160640543875802
39	L	1	15304	0	1150	0.09160640543875802
39	M	26	15304	0	1150	0.31059790102072454
39	N	1387	15304	19	1150	6.972678487694083e-18
39	Q	36	15304	0	1150	0.1870544650604783
39	R	26	15304	11	1150	3.2450667796925096e-07
39	S	12695	15304	999	1150	0.0007038825458770271
39	T	19	15304	1	1150	0.928562868352556
40	*	1	15480	0	1152	0.08978897438676353
40	C	15467	15480	1152	1152	0.6616884593704501
40	G	3	15480	0	1152	0.5063624090848428
40	I	1	15480	0	1152	0.08978897438676353
40	R	5	15480	0	1152	0.7866020405794216
40	S	1	15480	0	1152	0.08978897438676353
40	W	1	15480	0	1152	0.08978897438676353
40	Y	1	15480	0	1152	0.08978897438676353
41	A	3	15442	0	1150	0.5066968920373502
41	D	14902	15442	1123	1150	0.04712222379326948
41	E	6	15442	2	1150	0.18800042747537887
41	G	13	15442	0	1150	0.6613084003396303
41	H	2	15442	0	1150	0.31433297118526593
41	I	1	15442	0	1150	0.08992318953588277
41	N	391	15442	25	1150	0.5146186725890409
41	P	117	15442	0	1150	0.0054419590968661485
41	S	6	15442	0	1150	0.8924018146738495
41	V	1	15442	0	1150	0.08992318953588277
42	A	1	15463	0	1149	0.08950812259105742
42	E	2	15463	0	1149	0.3134838262176507
42	G	1	15463	0	1149	0.08950812259105742
42	I	1	15463	0	1149	0.08950812259105742
42	K	14802	15463	1148	1149	4.4153305089924664e-12
42	Q	585	15463	0	1149	3.369968977679652e-11
42	R	70	15463	1	1149	0.10987805209515285
42	T	1	15463	0	1149	0.08950812259105742
43	*	1	15484	0	1153	0.08990254332082252
43	C	15476	15484	1153	1153	0.9395889820733859
43	F	1	15484	0	1153	0.08990254332082252
43	I	1	15484	0	1153	0.08990254332082252
43	R	4	15484	0	1153	0.6609064843291372
43	W	1	15484	0	1153	0.08990254332082252
44	H	127	15484	0	1153	0.003595275977440677
44	K	4	15484	0	1153	0.6609064843291372
44	L	2	15484	0	1153	0.31429079185417363
44	N	1	15484	0	1153	0.08990254332082252
44	P	2	15484	0	1153	0.31429079185417363
44	Q	15346	15484	1153	1153	0.002282989633903447
44	R	2	15484	0	1153	0.31429079185417363
45	A	2	15322	1	1146	0.508703461866516
45	E	2	15322	0	1146	0.3159800336990567
45	G	4	15322	0	1146	0.6631431939269273
45	I	571	15322	25	1146	0.008805228527134237
45	K	3	15322	0	1146	0.508703461866516
45	L	13659	15322	1048	1146	0.01716999722308623
45	M	8	15322	1	1146	0.8685466255347056
45	P	4	15322	0	1146	0.6631431939269273
45	Q	525	15322	27	1146	0.06332744276128702
45	R	8	15322	1	1146	0.8685466255347056
45	S	5	15322	2	1146	0.13236612284769386
45	T	14	15322	0	1146	0.6182477238747175
45	V	517	15322	41	1146	0.7775545150960603
46	A	1	15487	0	1154	0.09002811805672556
46	E	1	15487	0	1154	0.09002811805672556
46	K	15460	15487	1152	1154	0.7205605065199627
46	N	1	15487	0	1154	0.09002811805672556
46	Q	5	15487	0	1154	0.7872772780832347
46	R	19	15487	2	1154	0.9700257125790345
47	E	57	15489	0	1154	0.07136448781863196
47	G	15362	15489	1153	1154	0.009990995606265724
47	K	43	15489	0	1154	0.1357897363099839
47	R	27	15489	1	1154	0.7423756376248072
48	A	1	15486	0	1155	0.09020190423153505
48	D	1	15486	1	1155	0.3149023970678868
48	E	15432	15486	1151	1155	0.806044502730026
48	G	6	15486	1	1155	0.9832049763328103
48	K	36	15486	2	1155	0.9300017900429658
48	Q	7	15486	0	1155	0.9832049763328103
48	V	3	15486	0	1155	0.5073908448103085
49	A	15428	15495	1139	1153	0.0005373583896250299
49	E	1	15495	0	1153	0.08977019628346412
49	G	3	15495	1	1153	0.6605478543809566
49	P	46	15495	12	1153	0.000105834019634876
49	S	6	15495	1	1153	0.9819467506546811
49	T	9	15495	0	1153	0.8713470720192026
49	V	1	15495	0	1153	0.08977019628346412
49	W	1	15495	0	1153	0.08977019628346412
50	I	2116	15269	168	1123	0.32492571911400786
50	K	5	15269	1	1123	0.885682629732771
50	L	245	15269	19	1123	0.9190807599392531
50	M	12359	15269	902	1123	0.637078616127339
50	R	47	15269	5	1123	0.6062187769873849
50	S	5	15269	0	1123	0.7804075259591782
50	T	458	15269	23	1123	0.08331189907119985
50	V	34	15269	5	1123	0.24596718925029787
51	D	1	15494	1	1152	0.31371420546670625
51	H	15460	15494	1147	1152	0.2552912757347866
51	L	1	15494	0	1152	0.08962065296940828
51	P	2	15494	1	1152	0.5059425613576738
51	Q	15	15494	1	1152	0.6987507101222044
51	R	7	15494	0	1152	0.98151007080369
51	S	4	15494	0	1152	0.6601422812488145
51	Y	4	15494	2	1152	0.0809535314086756
52	E	4	15499	0	1153	0.6604175159910788
52	G	15419	15499	1152	1153	0.07144987972383847
52	K	3	15499	0	1153	0.5061957155580991
52	M	0	15499	1	1153	0.08972212224172078
52	R	71	15499	0	1153	0.038556105081776634
52	V	1	15499	0	1153	0.08972212224172078
52	W	1	15499	0	1153	0.08972212224172078
53	*	3	15499	0	1153	0.5061957155580991
53	E	1	15499	1	1153	0.31392183507282545
53	H	19	15499	0	1153	0.4608448333077093
53	K	10	15499	1	1153	0.7559052189305118
53	L	1	15499	0	1153	0.08972212224172078
53	Q	15458	15499	1151	1153	0.7740154833056889
53	R	6	15499	0	1153	0.8918213095770681
53	T	1	15499	0	1153	0.08972212224172078
54	A	3	15484	0	1153	0.5066454876254518
54	G	0	15484	1	1153	0.08990254332082252
54	H	1	15484	0	1153	0.08990254332082252
54	I	79	15484	12	1153	0.03159363918305825
54	L	2	15484	0	1153	0.31429079185417363
54	M	1	15484	0	1153	0.08990254332082252
54	T	3	15484	0	1153	0.5066454876254518
54	V	15395	15484	1140	1153	0.03367669736664444
55	D	15416	15503	1149	1153	0.4561769586215858
55	G	14	15503	1	1153	0.6385100202584744
55	N	71	15503	2	1153	0.23802937932232848
55	S	0	15503	1	1153	0.0896740759866878
55	V	1	15503	0	1153	0.0896740759866878
55	Y	1	15503	0	1153	0.0896740759866878
56	A	1	15504	2	1153	0.003284414555156823
56	C	15414	15504	1147	1153	0.9533295881418916
56	E	1	15504	0	1153	0.08966206876248961
56	G	1	15504	0	1153	0.08966206876248961
56	R	3	15504	0	1153	0.5060459127988493
56	S	28	15504	1	1153	0.71025379774369
56	Y	56	15504	3	1153	0.7641308055938728
57	C	8	15447	0	1150	0.939705107949266
57	D	1	15447	0	1150	0.08986283379628117
57	G	251	15447	6	1150	0.005121816471340536
57	H	8	15447	0	1150	0.939705107949266
57	I	3	15447	0	1150	0.5065464952762803
57	N	128	15447	2	1150	0.02404471152440661
57	R	6	15447	0	1150	0.8922276458292393
57	S	15041	15447	1142	1150	7.61115409608143e-05
57	T	1	15447	0	1150	0.08986283379628117
58	P	15504	15511	1153	1153	0.9813856090802567
58	Q	1	15511	0	1153	0.08957806676465392
58	S	1	15511	0	1153	0.08957806676465392
58	T	5	15511	0	1153	0.7860057091655563
59	A	2	15490	1	1147	0.5040433275207522
59	D	1	15490	0	1147	0.08886113156619244
59	E	197	15490	14	1147	0.9897641477244583
59	G	15218	15490	1132	1147	0.313728943353951
59	H	1	15490	0	1147	0.08886113156619244
59	K	29	15490	0	1147	0.271382289201741
59	R	42	15490	0	1147	0.1440571149811578
60	I	14776	15468	1116	1143	0.0009333130839444408
60	K	2	15468	0	1143	0.311369974570207
60	L	43	15468	5	1143	0.49422576254324546
60	M	330	15468	8	1143	0.0013557384466304277
60	P	1	15468	0	1143	0.08847793155170407
60	T	11	15468	2	1143	0.5069054666282362
60	V	305	15468	12	1143	0.036947319967003824
61	*	12	15514	0	1153	0.7071347374834647
61	K	1	15514	0	1153	0.0895420919134403
61	W	15501	15514	1153	1153	0.6623882124235622
62	H	1	15517	0	1154	0.08966743540268858
62	K	1	15517	0	1154	0.08966743540268858
62	Q	15508	15517	1154	1154	0.8716479200410955
62	R	6	15517	0	1154	0.8916632911945931
62	V	1	15517	0	1154	0.08966743540268858
63	I	288	15473	21	1146	0.9652526043253731
63	L	15049	15473	1119	1146	0.4976246134032706
63	M	60	15473	1	1146	0.17065858116897542
63	S	1	15473	0	1146	0.08890294798207334
63	V	75	15473	5	1146	0.9941496610510905
64	D	15468	15510	1154	1154	0.14272677694339878
64	G	3	15510	0	1154	0.5062688807428453
64	H	1	15510	0	1154	0.08975145495278194
64	N	36	15510	0	1154	0.19026390115632819
64	S	1	15510	0	1154	0.08975145495278194
64	Y	1	15510	0	1154	0.08975145495278194
65	C	15508	15515	1152	1154	0.24938882014662841
65	E	1	15515	0	1154	0.0896914323223135
65	G	2	15515	2	1154	0.015979164896578732
65	V	1	15515	0	1154	0.0896914323223135
65	Y	3	15515	0	1154	0.5061191782173193
66	A	6	15513	7	1147	8.143347407422838e-10
66	I	4	15513	8	1147	2.7034222197568188e-14
66	K	0	15513	2	1147	0.0001419240553913005
66	P	1	15513	0	1147	0.08858667381345327
66	S	2	15513	0	1147	0.3115935549510288
66	T	15499	15513	1130	1147	1.9844553588700883e-24
66	V	1	15513	0	1147	0.08858667381345327
67	H	15517	15519	1154	1154	0.3137608659638222
67	P	1	15519	0	1154	0.08964344541258652
67	R	1	15519	0	1154	0.08964344541258652
68	A	13	15482	0	1148	0.6635913930001287
68	E	10	15482	0	1148	0.8122874814540741
68	F	3	15482	1	1148	0.6587774058555811
68	I	31	15482	1	1148	0.6206771740086534
68	L	15266	15482	1135	1148	0.5445886048953512
68	M	9	15482	0	1148	0.8732584567144426
68	P	1	15482	0	1148	0.08911836085377459
68	S	5	15482	0	1148	0.7847031750212791
68	T	14	15482	1	1148	0.6359775261155898
68	V	130	15482	10	1148	0.95608981199671
69	D	1	15499	1	1152	0.3135913299365173
69	E	15458	15499	1149	1152	0.7862608163806459
69	G	2	15499	0	1152	0.3135913299365173
69	K	38	15499	0	1152	0.1730281675541942
69	Q	0	15499	2	1152	0.0001480566504794856
70	D	10	15475	2	1157	0.45019754333674245
70	E	73	15475	9	1157	0.22378761738454278
70	G	15274	15475	1139	1157	0.544720533650288
70	K	24	15475	0	1157	0.34770342546286936
70	N	15	15475	1	1157	0.7036208690527093
70	R	74	15475	6	1157	0.9770950326083044
70	S	5	15475	0	1157	0.7890526136156579
71	E	2	15489	0	1152	0.3138371397452888
71	H	3	15489	0	1152	0.5060924523478341
71	I	1	15489	0	1152	0.08968072863179512
71	K	15366	15489	1146	1152	0.3974288793720707
71	N	5	15489	1	1152	0.891701720131741
71	Q	84	15489	1	1152	0.06035459708236223
71	R	27	15489	3	1152	0.7606226155492251
71	T	1	15489	1	1152	0.3138371397452888
72	A	7	15085	1	1108	0.9470678802847129
72	C	2	15085	0	1108	0.3090837071828493
72	F	1	15085	0	1108	0.08736876258675953
72	G	1	15085	0	1108	0.08736876258675953
72	I	8575	15085	856	1108	3.6474399053346678e-40
72	K	1	15085	0	1108	0.08736876258675953
72	L	1	15085	1	1108	0.3090837071828493
72	N	4	15085	2	1108	0.07807483842544997
72	P	1	15085	0	1108	0.08736876258675953
72	R	2	15085	0	1108	0.3090837071828493
72	S	5	15085	0	1108	0.7797112109170166
72	T	84	15085	0	1108	0.022981587950017725
72	V	6401	15085	248	1108	5.382307253286252e-39
73	F	2	15493	0	1152	0.3137387876213462
73	I	15414	15493	1141	1152	0.07530029054804142
73	L	2	15493	0	1152	0.3137387876213462
73	T	1	15493	0	1152	0.08963266462615227
73	V	74	15493	11	1152	0.0479081660035085
74	I	1151	15424	52	1137	0.000366750275329514
74	L	14054	15424	1031	1137	0.6532939388213482
74	M	175	15424	52	1137	2.260221452394185e-21
74	P	5	15424	0	1137	0.7816120161594448
74	V	39	15424	2	1137	0.8456227897861978
75	A	7	15515	0	1148	0.9788825137113749
75	I	9	15515	2	1148	0.3768118511110571
75	M	6	15515	3	1148	0.013329563632024758
75	T	1	15515	0	1148	0.08872397326259446
75	V	15492	15515	1143	1148	0.054867667066577835
76	A	15507	15516	1154	1154	0.871612790543804
76	G	2	15516	0	1154	0.3138345049948039
76	P	1	15516	0	1154	0.08967943299617073
76	S	1	15516	0	1154	0.08967943299617073
76	T	3	15516	0	1154	0.5060892449713368
76	V	2	15516	0	1154	0.3138345049948039
77	A	57	15505	4	1156	0.8925450602115056
77	E	1	15505	0	1156	0.09013453662185152
77	G	0	15505	1	1156	0.09013453662185152
77	I	23	15505	2	1156	0.8534027890904162
77	L	1	15505	0	1156	0.09013453662185152
77	S	1	15505	0	1156	0.09013453662185152
77	V	15422	15505	1149	1156	0.9153716134556543
78	H	15516	15524	1155	1155	0.940051140856499
78	L	1	15524	0	1155	0.08974474691706147
78	R	7	15524	0	1155	0.9818724210533644
79	A	25	15512	0	1150	0.33323099368007064
79	E	1	15512	0	1150	0.08908217538346884
79	I	24	15512	18	1150	5.619919582873729e-19
79	V	15462	15512	1132	1150	8.291704236806671e-10
80	A	15476	15518	1151	1155	0.8553956046819589
80	P	2	15518	0	1155	0.3141154232880254
80	S	34	15518	3	1155	0.9673627398554248
80	T	4	15518	0	1155	0.6606740922232748
80	V	2	15518	1	1155	0.5064317240998112
81	C	1	15517	0	1154	0.08966743540268858
81	G	10	15517	0	1154	0.8106844290105151
81	N	3	15517	0	1154	0.50605931414437
81	R	7	15517	0	1154	0.9816466906947128
81	S	15496	15517	1154	1154	0.41200127662812236
82	D	1	15527	0	1155	0.0897087622198142
82	E	5	15527	1	1155	0.89178269788684
82	G	15472	15527	1154	1155	0.21002704570414035
82	K	4	15527	0	1155	0.6603813087406643
82	R	29	15527	0	1155	0.2696129501866046
82	S	16	15527	0	1155	0.5492814880374353
83	*	1	15527	0	1154	0.08954755470248948
83	F	129	15527	0	1154	0.003343380977824405
83	Y	15397	15527	1154	1154	0.003208207882364103
84	I	13765	15405	1099	1151	5.023246730340959e-11
84	L	351	15405	19	1151	0.19828510374961766
84	M	1187	15405	21	1151	2.1184875058352944e-13
84	T	0	15405	1	1151	0.0905338392519809
84	V	102	15405	11	1151	0.3264405881731383
85	E	15501	15522	1155	1155	0.41175012586116966
85	K	20	15522	0	1155	0.4353732943847175
85	Q	1	15522	0	1155	0.08976874537070315
86	A	15518	15522	1154	1154	0.6601065421827518
86	P	1	15522	0	1154	0.08960747341537433
86	T	3	15522	0	1154	0.5059096962843813
87	D	5	15514	2	1155	0.13080024607182367
87	E	15491	15514	1153	1155	0.85475463318314
87	G	1	15514	0	1155	0.08986480847771092
87	K	16	15514	0	1155	0.5488579854708662
87	Q	1	15514	0	1155	0.08986480847771092
88	A	2	15505	0	1154	0.31410469526819956
88	I	237	15505	11	1154	0.1524247512493386
88	L	7	15505	1	1154	0.9398555051986841
88	S	1	15505	0	1154	0.08981152094194222
88	T	1	15505	0	1154	0.08981152094194222
88	V	15257	15505	1142	1154	0.1749152803837744
89	F	1	15522	0	1155	0.08976874537070315
89	I	15473	15522	1153	1155	0.5686026915169506
89	L	23	15522	1	1155	0.8961901684299914
89	M	6	15522	0	1155	0.8919559629678342
89	N	1	15522	0	1155	0.08976874537070315
89	S	1	15522	0	1155	0.08976874537070315
89	T	3	15522	0	1155	0.5063120083223328
89	V	14	15522	1	1155	0.6389409616458431
90	A	27	15476	4	1160	0.34479639049894717
90	L	1	15476	2	1160	0.003429138856867928
90	P	15289	15476	1133	1160	0.001761412772142692
90	Q	6	15476	0	1160	0.8958771891332765
90	S	127	15476	21	1160	0.0009657223958477748
90	T	26	15476	0	1160	0.31164222648202017
91	A	14939	15481	1128	1153	0.020231592313417677
91	D	1	15481	0	1153	0.08993867451050398
91	E	117	15481	5	1153	0.29016821848099483
91	G	26	15481	0	1153	0.314282560041218
91	N	3	15481	1	1153	0.6610043432840553
91	P	2	15481	0	1153	0.31436464670677045
91	R	0	15481	1	1153	0.08993867451050398
91	S	62	15481	4	1153	0.9710071448885995
91	T	323	15481	14	1153	0.054904055456955446
91	V	8	15481	0	1153	0.9394832463638262
92	A	1	15523	3	1136	9.94576493082399e-06
92	D	2	15523	0	1136	0.3076980186043958
92	E	15499	15523	1075	1136	3.9634027242444054e-123
92	G	3	15523	3	1136	0.0007069637744121604
92	K	16	15523	0	1136	0.557552679794737
92	L	0	15523	1	1136	0.0866988068221215
92	N	1	15523	0	1136	0.0866988068221215
92	Q	0	15523	53	1136	7.730806088018818e-157
92	V	1	15523	1	1136	0.3076980186043958
93	A	4	15515	0	1152	0.6594584732628648
93	I	4	15515	0	1152	0.6594584732628648
93	K	1	15515	0	1152	0.08936880906066431
93	N	16	15515	2	1152	0.8119714286396654
93	P	2	15515	0	1152	0.3131985225909191
93	S	28	15515	4	1152	0.368848184225819
93	T	15460	15515	1146	1152	0.516215506371428
94	A	2	15529	2	1156	0.0160354076995147
94	E	6	15529	0	1156	0.892179001701876
94	G	15505	15529	1153	1156	0.6331190278473109
94	K	3	15529	0	1156	0.5065046049441181
94	R	13	15529	1	1156	0.6207114992277895
95	*	2	15501	0	1148	0.31221877001979825
95	A	7	15501	1	1148	0.9425594147671572
95	E	1	15501	0	1148	0.08889105876500412
95	H	83	15501	1	1148	0.06389068362703931
95	K	31	15501	9	1148	0.00033395236561603863
95	N	6	15501	2	1148	0.18561547896501893
95	P	37	15501	2	1148	0.9047265607154124
95	Q	15273	15501	1130	1148	0.891604715047007
95	R	19	15501	3	1148	0.4078319492943091
95	S	41	15501	0	1148	0.15096744630365747
95	T	1	15501	0	1148	0.08889105876500412
96	A	14	15501	1	1151	0.6371486919214588
96	D	283	15501	14	1151	0.1640423992385184
96	E	15163	15501	1135	1151	0.091461760509014
96	G	7	15501	0	1151	0.9807923094994302
96	I	1	15501	0	1151	0.0893751782717484
96	K	30	15501	0	1151	0.256939185517082
96	N	1	15501	1	1151	0.313211562794916
96	S	2	15501	0	1151	0.313211562794916
97	A	211	15498	108	1140	7.247213278412527e-82
97	I	1	15498	0	1140	0.08763715635080141
97	P	1	15498	0	1140	0.08763715635080141
97	S	7	15498	0	1140	0.9756765832883784
97	T	15278	15498	1030	1140	1.6065573700918138e-81
97	V	0	15498	2	1140	0.0001361252467873309
98	A	15492	15526	1153	1155	0.9961490172607355
98	D	1	15526	0	1155	0.08972075538817477
98	E	1	15526	0	1155	0.08972075538817477
98	G	27	15526	2	1155	0.7186819200458822
98	P	1	15526	0	1155	0.08972075538817477
98	S	1	15526	0	1155	0.08972075538817477
98	T	2	15526	0	1155	0.3139190550494919
98	V	1	15526	0	1155	0.08972075538817477
99	C	2	15506	0	1153	0.3137498361303301
99	D	1	15506	0	1153	0.08963805951959564
99	F	147	15506	7	1153	0.31370184706781595
99	G	1	15506	0	1153	0.08963805951959564
99	H	27	15506	3	1153	0.7603569126076339
99	L	7	15506	0	1153	0.9815609031440936
99	S	1	15506	0	1153	0.08963805951959564
99	Y	15320	15506	1143	1153	0.38549195724775764
100	C	8	15517	0	1155	0.9398050241525912
100	F	14141	15517	1148	1155	1.580640909372433e-22
100	H	2	15517	1	1155	0.5064616590889864
100	L	4	15517	0	1155	0.6607066357612786
100	M	1	15517	0	1155	0.08982877181533863
100	Q	3	15517	0	1155	0.5064616590889864
100	S	7	15517	1	1155	0.9398050241525912
100	T	1	15517	0	1155	0.08982877181533863
100	V	1	15517	0	1155	0.08982877181533863
100	W	6	15517	0	1155	0.8921292862622281
100	Y	1343	15517	5	1155	8.131268253973594e-23
101	F	0	15272	2	1138	0.00015108767200222085
101	I	8081	15272	637	1138	0.04932148307434777
101	L	6972	15272	493	1138	0.13563496542515618
101	M	20	15272	0	1138	0.4347052863870543
101	T	4	15272	0	1138	0.6612550933868793
101	V	195	15272	6	1138	0.037694757828239
102	I	3	15518	0	1155	0.5064317240998112
102	L	15506	15518	1155	1155	0.7063478272281944
102	P	4	15518	0	1155	0.6606740922232748
102	R	1	15518	0	1155	0.08981676306122846
102	S	1	15518	0	1155	0.08981676306122846
102	V	3	15518	0	1155	0.5064317240998112
103	G	1	15482	0	1156	0.0904119932844103
103	K	15344	15482	1146	1156	0.9438143931750169
103	N	2	15482	0	1156	0.3153311702974129
103	Q	1	15482	0	1156	0.0904119932844103
103	R	134	15482	10	1156	0.8705805160230825
104	F	1	15526	0	1155	0.08972075538817477
104	I	5	15526	1	1155	0.8918173462476155
104	L	15519	15526	1153	1155	0.24947031560960403
104	M	0	15526	1	1155	0.08972075538817477
104	S	1	15526	0	1155	0.08972075538817477
105	A	15522	15528	1154	1155	0.9817323432699187
105	T	3	15528	1	1155	0.6603487892771863
105	V	3	15528	0	1155	0.5061325071611797
106	A	365	15503	26	1155	0.9021293259408906
106	E	24	15503	0	1155	0.34923662266444866
106	G	15073	15503	1129	1155	0.3387979086721677
106	K	6	15503	0	1155	0.8926149014745012
106	R	25	15503	0	1155	0.33114153352113834
106	S	10	15503	0	1155	0.809724838784986
107	G	3	15526	0	1154	0.505790045508417
107	K	23	15526	0	1154	0.36957598537394687
107	R	15498	15526	1154	1154	0.2840941301059339
107	S	2	15526	0	1154	0.31358912352704926
108	*	23	15528	0	1155	0.369249089264442
108	G	1	15528	0	1155	0.0896967707818007
108	Q	1	15528	0	1155	0.0896967707818007
108	W	15503	15528	1155	1155	0.3318259028884606
109	A	2	15524	0	1155	0.31396813306168636
109	L	1	15524	0	1155	0.08974474691706147
109	P	15518	15524	1155	1155	0.8918866499517524
109	S	3	15524	0	1155	0.5062521649369767
110	A	3	15521	0	1154	0.5059396150207216
110	I	32	15521	2	1154	0.9207867831101342
110	L	1	15521	0	1154	0.08961946234975977
110	T	1	15521	0	1154	0.08961946234975977
110	V	15484	15521	1152	1154	0.8999648303110905
111	A	54	15363	2	1141	0.4692455121839081
111	E	4	15363	1	1141	0.7855449562443034
111	G	2	15363	0	1141	0.31329369959233233
111	H	4	15363	0	1141	0.659584705633744
111	I	2	15363	0	1141	0.31329369959233233
111	K	14220	15363	1010	1141	1.0765016537121425e-06
111	M	1	15363	0	1141	0.08941531514177309
111	N	28	15363	2	1141	0.7589667937366247
111	P	1	15363	0	1141	0.08941531514177309
111	Q	129	15363	18	1141	0.016566235215181937
111	R	384	15363	34	1141	0.3688215616247075
111	S	5	15363	0	1141	0.7855449562443034
111	T	529	15363	74	1141	1.965305337061467e-07
112	A	373	15251	62	1126	1.3015563554538111e-09
112	C	1	15251	0	1126	0.08831969066812143
112	G	1	15251	0	1126	0.08831969066812143
112	I	920	15251	98	1126	0.00043438386390673396
112	K	39	15251	3	1126	0.8128659072397669
112	L	4	15251	1	1126	0.7824312361940079
112	M	86	15251	5	1126	0.7532462283179674
112	P	2	15251	0	1126	0.3110443477348902
112	Q	1	15251	0	1126	0.08831969066812143
112	R	46	15251	10	1126	0.002801005735624144
112	S	6	15251	5	1126	8.105622586593182e-06
112	T	6933	15251	875	1126	8.568209536737353e-97
112	V	6839	15251	67	1126	4.049369485472797e-143
113	A	2	15390	0	1136	0.3109569016909862
113	I	13620	15390	1016	1136	0.3628660924321333
113	L	83	15390	19	1136	6.48578063653338e-06
113	M	5	15390	1	1136	0.8876275209726189
113	T	2	15390	0	1136	0.3109569016909862
113	V	1678	15390	100	1136	0.031152675378585404
114	H	15527	15530	1151	1153	0.04177533783572872
114	P	1	15530	0	1153	0.08935048918755316
114	R	1	15530	0	1153	0.08935048918755316
114	T	1	15530	0	1153	0.08935048918755316
114	Y	0	15530	2	1153	0.00014671765692671643
115	A	4	15528	1	1155	0.7863414441171316
115	I	0	15528	1	1155	0.0896967707818007
115	K	1	15528	0	1155	0.0896967707818007
115	M	0	15528	1	1155	0.0896967707818007
115	P	1	15528	0	1155	0.0896967707818007
115	S	5	15528	1	1155	0.8917480518532265
115	T	15517	15528	1151	1155	0.012251065048380333
116	A	3	15530	0	1155	0.5060726927660009
116	D	15512	15530	1155	1155	0.4882391350528448
116	G	9	15530	0	1155	0.8716322862610577
116	H	1	15530	0	1155	0.08967279309569633
116	N	4	15530	0	1155	0.6602837575674874
116	V	1	15530	0	1155	0.08967279309569633
117	D	2	15517	0	1154	0.31380995630827685
117	G	1	15517	0	1154	0.08966743540268858
117	H	2	15517	0	1154	0.31380995630827685
117	K	2	15517	0	1154	0.31380995630827685
117	N	15504	15517	1152	1154	0.6384798916087067
117	S	4	15517	1	1154	0.7862584949982906
117	T	1	15517	1	1154	0.31380995630827685
117	Y	1	15517	0	1154	0.08966743540268858
118	D	1	15531	0	1154	0.08949965086621745
118	E	1	15531	0	1154	0.08949965086621745
118	G	15498	15531	1153	1154	0.5645016595200082
118	R	5	15531	1	1154	0.8911781506381856
118	S	26	15531	0	1154	0.3152625401320076
119	A	34	15354	0	1127	0.21449364765747464
119	G	557	15354	54	1127	0.05560190767735617
119	I	1	15354	0	1127	0.08724572386576089
119	K	7	15354	0	1127	0.9745163262809152
119	N	2	15354	0	1127	0.3088296359883119
119	P	1740	15354	167	1127	0.00049667573374705
119	R	453	15354	63	1127	1.415374245981936e-06
119	S	11804	15354	768	1127	3.672956823961144e-11
119	T	756	15354	75	1127	0.012671830972745383
120	D	1	15532	0	1155	0.08964882232762045
120	H	1	15532	0	1155	0.08964882232762045
120	N	15526	15532	1155	1155	0.8916094909849043
120	Q	2	15532	0	1155	0.3137718771691309
120	S	1	15532	0	1155	0.08964882232762045
120	T	1	15532	0	1155	0.08964882232762045
121	C	1	15532	0	1155	0.08964882232762045
121	F	15521	15532	1152	1155	0.10680293768408936
121	L	5	15532	0	1155	0.7862058623614299
121	S	5	15532	0	1155	0.7862058623614299
121	Y	0	15532	3	1155	1.8406455595343537e-07
122	A	9	15344	1	1142	0.8102722489665303
122	I	1438	15344	169	1142	3.3524567758966584e-09
122	N	0	15344	1	1142	0.08980862055219978
122	P	4	15344	0	1142	0.6606518874269405
122	S	12	15344	0	1142	0.7063696768315441
122	T	13862	15344	969	1142	3.5206889063073343e-09
122	V	19	15344	2	1142	0.9689175274440457
123	A	1	15521	0	1155	0.08978074719500824
123	C	37	15521	7	1155	0.040102853368346805
123	G	53	15521	1	1155	0.2291357040787731
123	H	1	15521	0	1155	0.08978074719500824
123	I	1	15521	0	1155	0.08978074719500824
123	N	2	15521	0	1155	0.31404176763702996
123	R	1	15521	0	1155	0.08978074719500824
123	S	15425	15521	1147	1155	0.9084454729142193
124	A	7143	15086	328	1120	1.829608205784152e-31
124	C	1	15086	0	1120	0.0893442473551665
124	D	2	15086	0	1120	0.3131479335767541
124	E	1	15086	0	1120	0.0893442473551665
124	G	133	15086	5	1120	0.17359264458536622
124	H	10	15086	0	1120	0.8116249581043627
124	N	2174	15086	197	1120	0.004232674936956693
124	P	1	15086	0	1120	0.0893442473551665
124	Q	41	15086	4	1120	0.8184373659347782
124	R	0	15086	3	1120	1.7973451075927672e-07
124	S	481	15086	31	1120	0.49159817468017986
124	T	5095	15086	552	1120	1.0689255105031508e-25
124	V	4	15086	0	1120	0.6593913804551743
125	A	8683	15259	341	1129	1.3350423756082322e-67
125	I	13	15259	0	1129	0.664740325311707
125	K	2	15259	0	1129	0.3118557277317214
125	M	55	15259	7	1129	0.2628483454382332
125	N	3	15259	0	1129	0.5036751583552825
125	P	57	15259	1	1129	0.19490949683233197
125	Q	15	15259	1	1129	0.6944772337053922
125	S	213	15259	1	1129	0.000320837366566014
125	T	5817	15259	734	1129	1.2544937659701722e-70
125	V	401	15259	44	1129	0.014803060866084518
126	A	29	15481	3	1152	0.8432745448023224
126	C	1	15481	0	1152	0.08977694011939934
126	D	1	15481	0	1152	0.08977694011939934
126	F	275	15481	3	1152	0.00017472042028433623
126	G	2	15481	0	1152	0.3140339568817234
126	I	6	15481	1	1152	0.9819664551570892
126	L	222	15481	18	1152	0.8221723591499502
126	M	280	15481	15	1152	0.2538390695613353
126	T	4	15481	0	1152	0.6605661248371076
126	V	14661	15481	1112	1152	0.00855811468325577
127	K	15313	15502	1150	1154	0.011421184421688662
127	Q	4	15502	0	1154	0.6607575942916817
127	R	182	15502	4	1154	0.014878437542494724
127	S	1	15502	0	1154	0.08984758136223572
127	T	2	15502	0	1154	0.314178432785708
128	A	15459	15517	1139	1147	0.14968472994877663
128	E	1	15517	0	1147	0.0885390354405971
128	G	1	15517	0	1147	0.0885390354405971
128	P	1	15517	0	1147	0.0885390354405971
128	S	1	15517	0	1147	0.0885390354405971
128	T	50	15517	8	1147	0.0683764665436219
128	V	4	15517	0	1147	0.6571982068647928
129	A	15525	15533	1155	1155	0.940367417461289
129	E	1	15533	0	1155	0.08963683953714334
129	S	3	15533	0	1155	0.5059829892824728
129	T	1	15533	0	1155	0.08963683953714334
129	V	3	15533	0	1155	0.5059829892824728
130	C	15523	15530	1155	1155	0.9816623180117074
130	F	1	15530	0	1155	0.08967279309569633
130	G	3	15530	0	1155	0.5060726927660009
130	S	1	15530	0	1155	0.08967279309569633
130	W	1	15530	0	1155	0.08967279309569633
130	Y	1	15530	0	1155	0.08967279309569633
131	*	90	15536	0	1154	0.017113934031611693
131	G	1	15536	0	1154	0.08943980995900437
131	Q	1	15536	0	1154	0.08943980995900437
131	R	2	15536	0	1154	0.31334397608629533
131	W	15442	15536	1154	1154	0.014444622008584172
132	*	97	15531	0	1154	0.012708666072635044
132	C	2	15531	0	1154	0.31346652057200597
132	G	2	15531	0	1154	0.31346652057200597
132	Q	1	15531	0	1154	0.08949965086621745
132	R	3	15531	0	1154	0.5056405363973868
132	W	15426	15531	1154	1154	0.009078418529809557
133	A	15436	15531	1154	1154	0.013828853299251008
133	G	1	15531	0	1154	0.08949965086621745
133	L	2	15531	0	1154	0.31346652057200597
133	P	3	15531	0	1154	0.5056405363973868
133	Q	1	15531	0	1154	0.08949965086621745
133	S	1	15531	0	1154	0.08949965086621745
133	T	85	15531	0	1154	0.0211521858308729
133	V	2	15531	0	1154	0.31346652057200597
134	D	403	15471	2	1152	4.0952328133611386e-07
134	E	24	15471	2	1152	0.8155532996050449
134	G	11289	15471	1131	1152	3.964931032908558e-80
134	K	24	15471	0	1152	0.3494677003604648
134	N	3511	15471	16	1152	5.307188853588646e-65
134	Q	25	15471	0	1152	0.33136755488178393
134	R	15	15471	0	1152	0.5831681371932388
134	S	179	15471	1	1152	0.0012020987058219117
134	T	1	15471	0	1152	0.08989736118353903
135	A	1	15406	0	1149	0.09019643637630262
135	F	4	15406	0	1149	0.6617018338802162
135	I	11873	15406	1028	1149	2.0104582935554695e-22
135	L	63	15406	1	1149	0.14711595201643293
135	T	3	15406	0	1149	0.5073771675013629
135	V	3462	15406	120	1149	1.8264002202535002e-21
136	*	2	15414	0	1150	0.31502502400267146
136	A	6	15414	0	1150	0.8933782480033969
136	D	2	15414	0	1150	0.31502502400267146
136	E	6	15414	3	1150	0.013903240459354543
136	G	1	15414	0	1150	0.09026199141193442
136	H	135	15414	0	1150	0.0025557639364236877
136	I	6	15414	0	1150	0.8933782480033969
136	K	8486	15414	1075	1150	1.7626185066958088e-142
136	L	11	15414	1	1150	0.705074752240066
136	M	1	15414	0	1150	0.09026199141193442
136	N	145	15414	19	1150	0.02806645391789315
136	Q	3924	15414	37	1150	5.79260178465002e-65
136	R	1363	15414	2	1150	1.1002479611517014e-24
136	S	5	15414	0	1150	0.7879366513383373
136	T	1321	15414	13	1150	6.248864708585052e-19
137	*	1	15530	0	1156	0.08983399556011311
137	H	144	15530	2	1156	0.012675634298967025
137	L	3	15530	0	1156	0.5064746923847632
137	P	3	15530	0	1156	0.5064746923847632
137	Q	15372	15530	1154	1156	0.007239199890019706
137	R	6	15530	0	1156	0.8921443590414537
137	S	1	15530	0	1156	0.08983399556011311
138	A	1	15512	17	1111	2.6886838790530494e-47
138	D	101	15512	27	1111	1.819513603194729e-10
138	E	15356	15512	1029	1111	6.473938895133268e-66
138	G	3	15512	1	1111	0.6413109263788246
138	K	49	15512	34	1111	7.376167860176508e-35
138	N	0	15512	1	1111	0.08282198130142089
138	Q	1	15512	1	1111	0.29959889308682164
138	T	0	15512	1	1111	0.08282198130142089
138	V	1	15512	0	1111	0.08282198130142089
139	F	15460	15522	1152	1153	0.15529984605546446
139	I	1	15522	0	1153	0.08944623518401051
139	L	10	15522	0	1153	0.8113295830039293
139	S	7	15522	0	1153	0.9810001625011354
139	T	1	15522	0	1153	0.08944623518401051
139	Y	43	15522	1	1153	0.3587530439206432
140	A	2	15530	18	1137	1.656847101896963e-46
140	C	0	15530	6	1137	1.6568883990201435e-16
140	E	10	15530	0	1137	0.8191956073240068
140	G	15395	15530	876	1137	0.0
140	K	37	15530	0	1137	0.18639984595059997
140	R	75	15530	0	1137	0.03408533419751924
140	S	10	15530	237	1137	0.0
140	W	1	15530	0	1137	0.08677710882986138
141	D	1	15504	0	1152	0.08950063190707327
141	F	1	15504	0	1152	0.08950063190707327
141	I	15425	15504	1141	1152	0.07493119566928923
141	S	3	15504	0	1152	0.5056429612874396
141	T	13	15504	1	1152	0.6216770748028599
141	V	61	15504	10	1152	0.0314642417242474
142	A	6	15529	2	1156	0.1878224134543145
142	L	1	15529	0	1156	0.08984599641008523
142	P	15518	15529	1148	1156	2.2746868659708517e-08
142	S	3	15529	1	1156	0.6607533205900072
142	T	0	15529	5	1156	2.5532352526380017e-13
142	Y	1	15529	0	1156	0.08984599641008523
143	C	0	15536	30	1139	5.515507825756205e-88
143	D	1	15536	0	1139	0.08702762719905924
143	F	4	15536	0	1139	0.65305231595065
143	G	0	15536	4	1139	1.5924006009220628e-10
143	H	7	15536	8	1139	3.343678451915405e-11
143	K	0	15536	2	1139	0.00013249515709387187
143	R	0	15536	74	1139	2.666858427146854e-219
143	S	0	15536	4	1139	1.5924006009220628e-10
143	Y	15524	15536	1017	1139	0.0
144	D	2	15527	0	1156	0.3142242926073498
144	H	7	15527	1	1156	0.9396843414793216
144	N	15510	15527	1155	1156	0.8144355115797551
144	R	1	15527	0	1156	0.08987000330198205
144	S	5	15527	0	1156	0.7868309542752753
144	T	1	15527	0	1156	0.08987000330198205
144	Y	1	15527	0	1156	0.08987000330198205
145	H	1	15524	0	1155	0.08974474691706147
145	L	1	15524	0	1155	0.08974474691706147
145	P	15517	15524	1155	1155	0.9818724210533644
145	S	4	15524	0	1155	0.6604788815691078
145	T	1	15524	0	1155	0.08974474691706147
146	E	1	15534	0	1152	0.08914160828644874
146	H	1	15534	0	1152	0.08914160828644874
146	L	1	15534	0	1152	0.08914160828644874
146	P	1	15534	0	1152	0.08914160828644874
146	Q	15529	15534	1150	1152	0.12949387277844393
146	R	0	15534	2	1152	0.00014539526231042402
146	S	1	15534	0	1152	0.08914160828644874
147	A	1	15530	0	1155	0.08967279309569633
147	G	3	15530	13	1155	3.049328993846027e-29
147	K	1	15530	0	1155	0.08967279309569633
147	N	1	15530	0	1155	0.08967279309569633
147	R	1	15530	0	1155	0.08967279309569633
147	S	15523	15530	1142	1155	1.1516030881890624e-22
148	D	1	15531	0	1134	0.08628393131300349
148	H	4	15531	223	1134	0.0
148	K	1	15531	5	1134	3.256289274357887e-11
148	L	1	15531	0	1134	0.08628393131300349
148	N	2	15531	2	1134	0.014764265313322247
148	P	2	15531	0	1134	0.3068377797212666
148	Q	15517	15531	838	1134	0.0
148	R	3	15531	66	1134	1.5795496787280253e-186
149	A	8	15527	0	1155	0.9401565862786312
149	E	16	15527	0	1155	0.5492814880374353
149	G	15438	15527	1155	1155	0.017760837696329083
149	K	12	15527	0	1155	0.7066571370781595
149	L	1	15527	0	1155	0.0897087622198142
149	R	50	15527	0	1155	0.09843526498962958
149	S	2	15527	0	1155	0.3138945195539068
150	A	65	15519	5	1153	0.8720936677580504
150	E	1	15519	0	1153	0.08948216847330974
150	G	1	15519	0	1153	0.08948216847330974
150	I	20	15519	0	1153	0.43609859680519736
150	L	1	15519	0	1153	0.08948216847330974
150	S	1	15519	0	1153	0.08948216847330974
150	V	15430	15519	1148	1153	0.6832671830491156
151	A	3	15480	0	1111	0.48960692955312657
151	G	2	15480	0	1111	0.30037135623598554
151	I	358	15480	126	1111	3.714824195469784e-66
151	L	1	15480	1	1111	0.30037135623598554
151	M	1	15480	0	1111	0.08318891540900371
151	N	1	15480	0	1111	0.08318891540900371
151	V	15114	15480	984	1111	1.473233685338206e-65
152	*	2	15514	0	1152	0.3132230554600945
152	E	15423	15514	1152	1152	0.016421902865950803
152	G	13	15514	0	1152	0.6628459059698548
152	H	1	15514	0	1152	0.08938078429321672
152	K	72	15514	0	1152	0.03712049983637277
152	Q	1	15514	0	1152	0.08938078429321672
152	R	2	15514	0	1152	0.3132230554600945
153	A	134	15516	3	1155	0.04294762501956403
153	C	2	15516	0	1155	0.31416453876804695
153	F	6	15516	2	1155	0.1878102878982808
153	I	1	15516	0	1155	0.08984078230260176
153	L	2	15516	0	1155	0.31416453876804695
153	P	2	15516	0	1155	0.31416453876804695
153	S	15365	15516	1150	1155	0.09267092398463643
153	T	3	15516	0	1155	0.5064915964966767
153	Y	1	15516	0	1155	0.08984078230260176
154	F	1	15482	0	1151	0.08960321983053103
154	I	371	15482	46	1151	0.0011440330177965121
154	K	1	15482	0	1151	0.08960321983053103
154	L	174	15482	29	1151	5.7848930180397895e-05
154	M	14920	15482	1076	1151	1.2810691387169513e-06
154	P	1	15482	0	1151	0.08960321983053103
154	Q	1	15482	0	1151	0.08960321983053103
154	R	3	15482	0	1151	0.5058990436683428
154	T	6	15482	0	1151	0.8914776988836477
154	V	4	15482	0	1151	0.6600949687326738
155	D	3	15536	0	1102	0.48421132540649403
155	H	4	15536	273	1102	0.0
155	I	2	15536	0	1102	0.29598863516638635
155	K	1	15536	0	1102	0.08111507086068177
155	N	15522	15536	828	1102	0.0
155	S	3	15536	0	1102	0.48421132540649403
155	T	1	15536	1	1102	0.29598863516638635
156	E	2	15452	0	1143	0.31176306086856687
156	H	7	15452	0	1143	0.9787215298680557
156	K	13671	15452	1027	1143	0.1725893868219256
156	N	1710	15452	110	1143	0.14506719160704434
156	Q	1	15452	0	1143	0.08866917674674647
156	R	47	15452	5	1143	0.6144558103933304
156	S	14	15452	1	1143	0.6339260688727444
157	A	8	15482	0	1143	0.9442722340826402
157	D	10	15482	0	1143	0.814656499836156
157	E	15002	15482	1072	1143	2.337278925707794e-08
157	G	9	15482	0	1143	0.8756382148848558
157	H	3	15482	0	1143	0.5026627439477644
157	K	74	15482	0	1143	0.034655931096073324
157	N	4	15482	0	1143	0.6565749485805126
157	Q	368	15482	71	1143	1.285126016070533e-14
157	T	4	15482	0	1143	0.6565749485805126
158	F	4	15527	0	1153	0.6595062280538119
158	I	7	15527	3	1153	0.02410057131978487
158	L	15512	15527	1149	1153	0.04784784604371544
158	R	1	15527	0	1153	0.0893863809688202
158	S	2	15527	0	1153	0.3132345287022344
158	V	1	15527	1	1153	0.3132345287022344
159	E	1	15524	0	1152	0.08926110984658224
159	K	15511	15524	1152	1152	0.6631859290387297
159	M	1	15524	0	1152	0.08926110984658224
159	N	1	15524	0	1152	0.08926110984658224
159	Q	2	15524	0	1152	0.31297783219530906
159	R	8	15524	0	1152	0.9414703849929495
160	A	3	15469	0	1139	0.5014273656879822
160	E	13	15469	0	1139	0.6673031713207012
160	G	2	15469	0	1139	0.3100153022738009
160	H	1	15469	0	1139	0.0878200308780643
160	I	3	15469	0	1139	0.5014273656879822
160	K	14900	15469	1068	1139	2.195417011365281e-05
160	L	1	15469	0	1139	0.0878200308780643
160	N	40	15469	4	1139	0.7732425579130016
160	Q	232	15469	44	1139	3.608465168052369e-09
160	R	116	15469	8	1139	0.998834875430133
160	S	98	15469	3	1139	0.1759866188285813
160	T	60	15469	12	1139	0.0021656044570311397
161	A	1	15512	0	1151	0.08924344053635598
161	F	1	15512	1	1151	0.31294160793052556
161	I	15459	15512	1146	1151	0.7979080743103129
161	L	30	15512	2	1151	0.8398578739621473
161	S	1	15512	0	1151	0.08924344053635598
161	T	10	15512	2	1151	0.4447206729423049
161	V	9	15512	0	1151	0.872891120228051
161	Y	1	15512	0	1151	0.08924344053635598
162	F	1	15489	0	1153	0.08984235948562999
162	I	15388	15489	1144	1153	0.740561203425392
162	L	6	15489	0	1153	0.8921685254532618
162	M	1	15489	1	1153	0.31416774748759585
162	R	1	15489	0	1153	0.08984235948562999
162	T	2	15489	0	1153	0.31416774748759585
162	V	89	15489	8	1153	0.7545615613657316
162	Y	1	15489	0	1153	0.08984235948562999
163	A	83	15422	8	1109	0.5577218596844195
163	D	10	15422	1	1109	0.7742087779171825
163	E	602	15422	37	1109	0.3866345821891185
163	G	14247	15422	969	1109	3.815493195272956e-09
163	H	6	15422	1	1109	0.9633621273872786
163	I	2	15422	0	1109	0.3011022254233595
163	K	38	15422	19	1109	7.043380727894949e-15
163	L	2	15422	0	1109	0.3011022254233595
163	M	10	15422	0	1109	0.8289555269724916
163	N	14	15422	0	1109	0.6387781230104175
163	Q	139	15422	12	1109	0.6543688346820682
163	R	121	15422	40	1109	1.0331540745561238e-19
163	S	32	15422	1	1109	0.6190398599800988
163	T	57	15422	15	1109	4.989589226736548e-06
163	V	57	15422	6	1109	0.5204776136354932
163	W	2	15422	0	1109	0.3011022254233595
164	E	2	15515	1	1156	0.5069236344593218
164	H	2	15515	0	1156	0.3145189955602613
164	K	19	15515	3	1156	0.41314166149226494
164	L	2	15515	0	1156	0.3145189955602613
164	P	2	15515	1	1156	0.5069236344593218
164	Q	15487	15515	1151	1156	0.12924577131923082
164	R	1	15515	0	1156	0.09001419014581943
165	A	3	15446	0	1146	0.5049585121815969
165	H	1	15446	0	1146	0.08922675564184565
165	I	941	15446	59	1146	0.21829642921666217
165	L	1	15446	2	1146	0.003242285361015523
165	M	0	15446	1	1146	0.08922675564184565
165	V	14500	15446	1084	1146	0.36134379863423716
166	*	1	15512	0	1150	0.08908217538346884
166	G	11	15512	0	1150	0.757760109753475
166	K	94	15512	0	1150	0.014553497269285317
166	P	1	15512	0	1150	0.08908217538346884
166	R	15404	15512	1150	1150	0.0080872205792915
166	S	1	15512	0	1150	0.08908217538346884
167	D	12285	15425	1089	1146	6.414555182467968e-37
167	E	3104	15425	56	1146	1.4684871268141399e-36
167	G	6	15425	0	1146	0.8911198672638327
167	H	0	15425	1	1146	0.0894794858438211
167	K	5	15425	0	1146	0.7857266815841646
167	N	24	15425	0	1146	0.3504405404935781
167	Q	1	15425	0	1146	0.0894794858438211
168	A	1	15513	0	1153	0.08955408179768816
168	E	1	15513	0	1153	0.08955408179768816
168	P	4	15513	1	1153	0.7859378429938767
168	Q	15505	15513	1151	1153	0.31374126630457977
168	R	2	15513	1	1153	0.5057764204425821
169	A	15488	15512	1148	1153	0.0678132867747529
169	D	2	15512	0	1153	0.3136024999748261
169	G	3	15512	0	1153	0.5058063543533268
169	I	1	15512	0	1153	0.08956607341466602
169	P	1	15512	0	1153	0.08956607341466602
169	S	3	15512	2	1153	0.041943852084144535
169	T	9	15512	1	1153	0.8109798966875595
169	V	5	15512	2	1153	0.1302602831262108
170	A	2	15521	5	1147	1.9606094009916338e-09
170	D	1	15521	0	1147	0.08849142469834825
170	E	15468	15521	1141	1147	0.45816199787352085
170	G	5	15521	0	1147	0.7829207887740469
170	K	43	15521	0	1147	0.1379926654573458
170	L	1	15521	0	1147	0.08849142469834825
170	Q	0	15521	1	1147	0.08849142469834825
170	R	1	15521	0	1147	0.08849142469834825
171	H	15211	15468	1127	1146	0.9118708912043137
171	L	36	15468	3	1146	0.9042558955535531
171	P	5	15468	1	1146	0.8896224406756592
171	Q	151	15468	11	1146	0.9192070072284548
171	R	7	15468	1	1146	0.9423479197120276
171	Y	58	15468	3	1146	0.7201965022288946
172	F	14	15499	2	1153	0.6992279058473283
172	H	2	15499	0	1153	0.31392183507282545
172	I	13	15499	1	1153	0.6210572969031922
172	L	15458	15499	1150	1153	0.7874638135028793
172	M	2	15499	0	1153	0.31392183507282545
172	P	6	15499	0	1153	0.8918213095770681
172	T	1	15499	0	1153	0.08972212224172078
172	V	3	15499	0	1153	0.5061957155580991
173	E	3	15427	0	1153	0.5083596138602724
173	K	14985	15427	1133	1153	0.031002498880308274
173	M	1	15427	0	1153	0.0905917238954624
173	Q	1	15427	0	1153	0.0905917238954624
173	R	437	15427	20	1153	0.03541069986777958
174	A	6	15522	1	1154	0.9814715206952774
174	I	2	15522	0	1154	0.3136872480141415
174	Q	1	15522	0	1154	0.08960747341537433
174	R	1	15522	0	1154	0.08960747341537433
174	S	1	15522	0	1154	0.08960747341537433
174	T	15511	15522	1153	1154	0.7069473377562807
175	A	15508	15523	1153	1153	0.5844457486287579
175	P	1	15523	0	1153	0.08943426088168907
175	S	1	15523	0	1153	0.08943426088168907
175	T	10	15523	0	1153	0.8113645402496589
175	V	3	15523	0	1153	0.5054772143921569
176	A	1	15491	0	1153	0.08981829812995952
176	E	2	15491	0	1153	0.3141185462029729
176	F	1	15491	0	1153	0.08981829812995952
176	G	1	15491	0	1153	0.08981829812995952
176	I	14	15491	0	1153	0.6207884403197665
176	L	106	15491	12	1153	0.2262815203413681
176	R	1	15491	0	1153	0.08981829812995952
176	S	1	15491	0	1153	0.08981829812995952
176	T	3	15491	0	1153	0.5064355260504808
176	V	15361	15491	1141	1153	0.5809579170569599
177	A	1	15507	0	1152	0.08946465942363327
177	H	4	15507	0	1152	0.6597188460557971
177	I	11	15507	0	1152	0.7566504571236936
177	L	39	15507	2	1152	0.8363196580836917
177	P	3	15507	0	1152	0.5055531285281566
177	Q	15439	15507	1148	1152	0.823575246992074
177	R	1	15507	2	1152	0.003265272054175201
177	S	2	15507	0	1152	0.31339485119093996
177	T	5	15507	0	1152	0.7856847270283998
177	V	2	15507	0	1152	0.31339485119093996
178	I	10	15514	0	1153	0.8110498505173899
178	K	3	15514	0	1153	0.5057464889519461
178	L	3	15514	0	1153	0.5057464889519461
178	M	15493	15514	1153	1153	0.4123123856566582
178	T	1	15514	0	1153	0.0895420919134403
178	V	4	15514	0	1153	0.6599290909882719
179	A	15503	15519	1151	1154	0.28388495673531966
179	G	2	15519	2	1154	0.015961728209693396
179	N	1	15519	0	1154	0.08964344541258652
179	S	7	15519	1	1154	0.9403480121842509
179	T	4	15519	0	1154	0.660204138541881
179	V	2	15519	0	1154	0.3137608659638222
180	A	6	15515	0	1154	0.8917326342547739
180	I	11	15515	6	1154	3.587087190644886e-05
180	K	1	15515	0	1154	0.0896914323223135
180	L	1	15515	0	1154	0.0896914323223135
180	P	1	15515	0	1154	0.0896914323223135
180	T	2	15515	0	1154	0.3138590560245973
180	V	15493	15515	1148	1154	0.007960853521866172
181	F	15155	15470	1089	1151	3.7929219290831853e-13
181	H	3	15470	0	1151	0.5062591544802297
181	I	2	15470	0	1151	0.3139738744476376
181	L	265	15470	62	1151	1.2521192173889839e-17
181	S	2	15470	0	1151	0.3139738744476376
181	Y	43	15470	0	1151	0.13615938228395433
182	F	2	15493	1	1153	0.5063755588734205
182	I	15276	15493	1134	1153	0.5782180315380827
182	L	3	15493	0	1153	0.5063755588734205
182	S	1	15493	0	1153	0.08979424372998943
182	V	211	15493	18	1153	0.6677047099342437
183	H	15449	15466	1152	1153	0.8156597465120334
183	L	2	15466	0	1153	0.3147342388995899
183	P	7	15466	1	1153	0.9389542676558122
183	R	3	15466	0	1153	0.5071859355317497
183	Y	5	15466	0	1153	0.7875352170584685
184	I	2	15479	0	1153	0.31441389504380196
184	N	15476	15479	1153	1153	0.5067955330353051
184	T	1	15479	0	1153	0.08996277067857181
185	F	15436	15472	1151	1153	0.9310098651937656
185	L	4	15472	0	1153	0.6612980508661863
185	V	1	15472	0	1153	0.0900471621646141
185	Y	31	15472	2	1153	0.8847481502296851
186	*	2	15475	0	1153	0.3145124199734571
186	K	15468	15475	1153	1153	0.9826489991197743
186	P	1	15475	0	1153	0.09001098392476085
186	R	4	15475	0	1153	0.6612001265446398
187	E	4	15436	0	1153	0.6624748457734808
187	G	5	15436	0	1153	0.7885575770854294
187	K	196	15436	20	1153	0.22687405540029726
187	N	2	15436	0	1153	0.31547501620335305
187	R	15225	15436	1133	1153	0.3694722861266998
187	S	1	15436	0	1153	0.09048252773058028
187	T	3	15436	0	1153	0.5080884354763464
188	E	1	15412	0	1151	0.09044880779576517
188	G	1	15412	0	1151	0.09044880779576517
188	K	14903	15412	1125	1151	0.06495566302831347
188	N	6	15412	0	1151	0.8939157452206431
188	R	500	15412	26	1151	0.07981197028227185
188	T	1	15412	0	1151	0.09044880779576517
189	E	2	15478	0	1153	0.31443852274381373
189	G	15454	15478	1150	1153	0.633869188723047
189	K	2	15478	0	1153	0.31443852274381373
189	R	20	15478	3	1153	0.4570077806092798
190	E	6	15491	0	1153	0.8920990635803473
190	G	15476	15491	1153	1153	0.5833860700655398
190	K	1	15491	0	1153	0.08981829812995952
190	R	8	15491	0	1153	0.9398356209829287
191	D	1	15466	0	1154	0.09028152767650874
191	F	2	15466	0	1154	0.3150649332462178
191	I	15433	15466	1153	1154	0.5610101292535803
191	L	13	15466	0	1154	0.6602967994897863
191	M	9	15466	0	1154	0.8698535767987856
191	T	1	15466	0	1154	0.09028152767650874
191	V	7	15466	1	1154	0.9384812291555208
192	A	5	15487	0	1154	0.7872772780832347
192	E	5	15487	0	1154	0.7872772780832347
192	G	15456	15487	1153	1154	0.6164637939954336
192	K	4	15487	0	1154	0.661246516839987
192	R	16	15487	0	1154	0.5484151484630375
192	W	1	15487	1	1154	0.31454743744431574
193	D	128	15430	14	1151	0.2270647506773087
193	E	559	15430	56	1151	0.03836608070154951
193	G	14658	15430	1070	1151	0.0032350083684398317
193	K	3	15430	1	1151	0.6617940948582715
193	N	1	15430	0	1151	0.09023055120682305
193	R	78	15430	9	1151	0.29800068753425335
193	S	1	15430	1	1151	0.3149608509228131
193	V	2	15430	0	1151	0.3149608509228131
194	C	35	15467	8	1149	0.006443381650909259
194	D	1	15467	1	1149	0.3133853527533755
194	F	3	15467	1	1149	0.6597062507817955
194	H	8	15467	0	1149	0.9408859177011507
194	L	1	15467	1	1149	0.3133853527533755
194	N	1	15467	0	1149	0.08946003321770446
194	S	3	15467	0	1149	0.5055415370599999
194	T	2	15467	0	1149	0.3133853527533755
194	V	1	15467	0	1149	0.08946003321770446
194	Y	15412	15467	1138	1149	0.003905056150190574
195	A	1	15443	0	1149	0.08974898831671851
195	C	147	15443	15	1149	0.3074911662238492
195	G	2	15443	1	1149	0.5062626675524933
195	H	1	15443	2	1149	0.003292857330238501
195	I	1	15443	0	1149	0.08974898831671851
195	N	3	15443	0	1149	0.5062626675524933
195	R	2	15443	0	1149	0.3139767601801549
195	S	14997	15443	1110	1149	0.37241282756012883
195	T	289	15443	21	1149	0.9941573852170574
196	A	15388	15457	1141	1151	0.0738850030664003
196	G	1	15457	0	1151	0.08990423177718186
196	P	61	15457	8	1151	0.19667876679665375
196	S	1	15457	0	1151	0.08990423177718186
196	T	5	15457	1	1151	0.89234710798975
196	V	1	15457	1	1151	0.31429422717160527
197	E	22	15476	0	1151	0.38992361867987113
197	G	15448	15476	1151	1151	0.2838459062023315
197	R	6	15476	0	1151	0.8916862234723586
198	D	76	15450	6	1153	0.9324935113163179
198	E	15330	15450	1147	1153	0.42862191802816585
198	G	5	15450	0	1153	0.7880802074695565
198	H	1	15450	0	1153	0.09031294943247425
198	K	5	15450	0	1153	0.7880802074695565
198	Q	33	15450	0	1153	0.2193957325244242
199	G	3	15464	1	1153	0.6615592890129756
199	I	1	15464	0	1153	0.0901437142407507
199	K	7	15464	0	1153	0.9830356255527123
199	R	15453	15464	1152	1153	0.7054127322998736
200	E	1	15448	0	1154	0.09049934894008269
200	I	15270	15448	1141	1154	0.9489699993046992
200	L	93	15448	5	1154	0.6012175165166986
200	M	73	15448	7	1154	0.678947958090154
200	T	4	15448	0	1154	0.6625202641925478
200	V	7	15448	1	1154	0.9378458070288547
201	E	1	15197	0	1131	0.08979875588432087
201	G	1	15197	0	1131	0.08979875588432087
201	I	10631	15197	538	1131	8.531777551670518e-55
201	L	12	15197	0	1131	0.7063966575965338
201	M	1	15197	0	1131	0.08979875588432087
201	V	4551	15197	593	1131	2.3864010811599168e-55
202	D	15448	15456	1153	1154	0.8695010881720097
202	E	1	15456	0	1154	0.09040246951275276
202	G	4	15456	1	1154	0.788332275276208
202	H	1	15456	0	1154	0.09040246951275276
202	N	1	15456	0	1154	0.09040246951275276
202	V	1	15456	0	1154	0.09040246951275276
203	F	1	15303	0	1138	0.08965342811400588
203	I	14412	15303	1071	1138	0.9801256938831938
203	L	56	15303	0	1138	0.0749960813517226
203	M	818	15303	65	1138	0.6449150219455313
203	T	2	15303	1	1138	0.5060241665585263
203	V	14	15303	1	1138	0.6384146308371985
204	I	15257	15448	1144	1149	0.022369548319323702
204	K	1	15448	0	1149	0.08968870637110526
204	L	141	15448	0	1149	0.0020308916937449954
204	M	3	15448	0	1149	0.5061123161832988
204	N	1	15448	0	1149	0.08968870637110526
204	S	1	15448	0	1149	0.08968870637110526
204	T	1	15448	0	1149	0.08968870637110526
204	V	43	15448	5	1149	0.5027204364844888
205	A	15006	15420	1118	1151	0.7842017114033975
205	P	2	15420	0	1151	0.31520818662069544
205	S	363	15420	29	1151	0.7981159131777574
205	T	48	15420	4	1151	0.9512737042578446
205	V	1	15420	0	1151	0.09035173457312999
206	A	7	15371	0	1149	0.9844258572863145
206	P	4	15371	0	1149	0.6628509410368797
206	S	3014	15371	204	1149	0.135737339752982
206	T	12346	15371	945	1149	0.12139784965444327
207	A	1	15435	0	1150	0.09000776109964898
207	D	15132	15435	1142	1150	0.0032397047223626527
207	E	125	15435	7	1150	0.5696384885071256
207	G	11	15435	0	1150	0.7550796707343413
207	H	21	15435	0	1150	0.41115645274240153
207	N	61	15435	1	1150	0.1609193765727766
207	Q	81	15435	0	1150	0.02487039917313091
207	V	3	15435	0	1150	0.5069075500730184
208	F	2	15348	0	1133	0.31099038885380426
208	I	14511	15348	1038	1133	4.9993255318079776e-05
208	L	676	15348	72	1133	0.0029816773225647083
208	M	153	15348	22	1133	0.004451600357249297
208	R	1	15348	0	1133	0.08829343882733956
208	T	2	15348	0	1133	0.31099038885380426
208	V	3	15348	1	1133	0.6565269356374621
209	*	1	15452	0	1151	0.08996456504945168
209	L	2	15452	0	1151	0.31441754597306837
209	P	17	15452	0	1151	0.516846503292312
209	Q	15426	15452	1151	1151	0.3142242231092046
209	R	6	15452	0	1151	0.8925211657628518
210	A	8	15437	1	1149	0.8711970997070935
210	D	1	15437	0	1149	0.08982138438534516
210	F	1	15437	0	1149	0.08982138438534516
210	H	1	15437	0	1149	0.08982138438534516
210	I	33	15437	7	1149	0.020082673150270805
210	L	1	15437	0	1149	0.08982138438534516
210	N	7	15437	0	1149	0.98209621729766
210	S	15	15437	2	1149	0.7580634482482151
210	T	15363	15437	1139	1149	0.11281302612688637
210	V	7	15437	0	1149	0.98209621729766
211	A	2	15319	0	1142	0.3147202483444915
211	D	1	15319	0	1142	0.09011275999557249
211	E	5	15319	0	1142	0.7875159876405592
211	I	2	15319	0	1142	0.3147202483444915
211	K	13523	15319	1015	1142	0.5724709958980432
211	N	30	15319	1	1142	0.645263635412128
211	P	1	15319	0	1142	0.09011275999557249
211	Q	199	15319	34	1142	6.7470877280719196e-06
211	R	1335	15319	85	1142	0.15505775169011088
211	S	2	15319	0	1142	0.3147202483444915
211	T	219	15319	7	1142	0.031080918145432682
212	A	136	15407	29	1149	1.530449042252719e-07
212	E	15157	15407	1111	1149	4.1965694741239346e-05
212	G	3	15407	0	1149	0.5073470017956639
212	H	2	15407	0	1149	0.31486642733581405
212	I	20	15407	1	1149	0.9708136895597103
212	K	21	15407	1	1149	0.9820384135992074
212	L	9	15407	4	1149	0.004565166743713359
212	N	6	15407	0	1149	0.8931545677781166
212	Q	32	15407	1	1149	0.5879343110207298
212	S	4	15407	0	1149	0.6616690462878849
212	T	2	15407	1	1149	0.5073470017956639
212	V	14	15407	0	1149	0.6197664716755483
212	Y	1	15407	1	1149	0.31486642733581405
213	F	4	15455	0	1152	0.6614150397812437
213	I	5	15455	0	1152	0.787452956485252
213	L	15440	15455	1152	1152	0.5826370266937517
213	Q	1	15455	0	1152	0.09009039771546085
213	S	3	15455	0	1152	0.507113322398034
213	V	1	15455	0	1152	0.09009039771546085
213	Y	1	15455	0	1152	0.09009039771546085
214	E	9	15448	1	1152	0.809207595294415
214	H	4	15448	0	1152	0.6616438740248864
214	K	1	15448	0	1152	0.09017499187131299
214	L	1	15448	0	1152	0.09017499187131299
214	P	5	15448	0	1152	0.7876914809081162
214	Q	15426	15448	1151	1152	0.9370788214562089
214	R	1	15448	0	1152	0.09017499187131299
214	T	1	15448	0	1152	0.09017499187131299
215	F	1	15378	0	1145	0.08988508380107489
215	H	1	15378	0	1145	0.08988508380107489
215	K	14335	15378	1072	1145	0.639627664846745
215	N	943	15378	69	1145	0.9359627202222314
215	Q	17	15378	1	1145	0.8145090534330204
215	R	53	15378	1	1145	0.22883578091476803
215	S	12	15378	2	1145	0.5769632306669399
215	T	16	15378	0	1145	0.5488010927791827
216	*	1	15394	0	1149	0.09034207140274678
216	A	1	15394	0	1149	0.09034207140274678
216	H	302	15394	32	1149	0.0710518375962165
216	K	36	15394	1	1149	0.4885570364571147
216	N	94	15394	6	1149	0.8604641301359639
216	P	7	15394	0	1149	0.9836128715542022
216	Q	14884	15394	1109	1149	0.824560332979679
216	R	69	15394	1	1149	0.11321307627162248
217	F	4	15425	0	1150	0.6615187156670697
217	I	15289	15425	1140	1150	0.9035829737844352
217	K	1	15425	0	1150	0.0901287266043915
217	L	1	15425	0	1150	0.0901287266043915
217	M	2	15425	0	1150	0.3147529244866294
217	N	2	15425	0	1150	0.3147529244866294
217	R	1	15425	0	1150	0.0901287266043915
217	S	38	15425	0	1150	0.17208609398563265
217	T	1	15425	0	1150	0.0901287266043915
217	V	85	15425	10	1150	0.23886233604807694
217	Y	1	15425	0	1150	0.0901287266043915
218	A	3	15255	1	1145	0.6649171202421473
218	F	34	15255	0	1145	0.20683843036456276
218	H	1	15255	0	1145	0.09138961737835183
218	I	2353	15255	33	1145	6.1620393104708415e-31
218	K	11	15255	1	1145	0.7018698198776723
218	L	347	15255	8	1145	0.0006059013634702066
218	M	19	15255	1	1145	0.9274844894673093
218	N	5	15255	0	1145	0.7911026588095775
218	P	2	15255	0	1145	0.3173215209771675
218	Q	2	15255	1	1145	0.5103363225358843
218	R	1	15255	0	1145	0.09138961737835183
218	S	582	15255	110	1145	1.098476320063408e-20
218	T	11894	15255	990	1145	1.842783865039428e-11
218	V	1	15255	0	1145	0.09138961737835183
219	E	11	15429	0	1147	0.7562768567654002
219	I	1	15429	0	1147	0.08959349428290753
219	K	14902	15429	1098	1147	0.1486567574138232
219	N	291	15429	33	1147	0.025845011577013556
219	Q	200	15429	12	1147	0.5545595240940135
219	R	13	15429	1	1147	0.6214162760591629
219	T	10	15429	3	1147	0.08016635068231556
219	V	1	15429	0	1147	0.08959349428290753
220	D	2	15369	0	1145	0.31447818039253556
220	F	16	15369	0	1145	0.5485051556275913
220	I	14526	15369	1047	1145	2.0203277118323686e-05
220	L	489	15369	72	1145	3.522626337895456e-08
220	M	49	15369	6	1145	0.36984955068549974
220	S	1	15369	0	1145	0.08999425967991125
220	T	3	15369	0	1145	0.5068738634499962
220	V	283	15369	20	1145	0.9075906549207182
221	*	1	15438	0	1151	0.09013373086500835
221	E	8	15438	0	1151	0.9389127973627659
221	G	2	15438	0	1151	0.31476315297297464
221	H	44	15438	3	1151	0.8907307147653332
221	K	28	15438	1	1151	0.7079779067186325
221	N	10	15438	2	1151	0.44816821492483194
221	P	5	15438	0	1151	0.787575152167679
221	Q	14989	15438	1119	1151	0.8736371768412451
221	R	44	15438	7	1151	0.10216173851106487
221	S	279	15438	19	1151	0.7867082602870571
221	T	28	15438	0	1151	0.2828708277663331
222	A	3	15397	0	1146	0.506433852867304
222	D	2	15397	0	1146	0.314117188044005
222	H	62	15397	4	1146	0.9720684235006247
222	I	2	15397	0	1146	0.314117188044005
222	K	747	15397	64	1146	0.29932601899780054
222	N	14545	15397	1077	1146	0.5303591985270817
222	Q	6	15397	0	1146	0.8920972787392628
222	R	3	15397	0	1146	0.506433852867304
222	S	4	15397	0	1146	0.6606764333782382
222	T	22	15397	1	1146	0.9388848064752084
222	Y	1	15397	0	1146	0.08981766191027743
223	C	2	15452	0	1152	0.3147486829808987
223	F	15440	15452	1152	1152	0.7054613806211638
223	L	4	15452	0	1152	0.6615130970259346
223	S	1	15452	0	1152	0.09012664185793282
223	Y	5	15452	0	1152	0.7875551668662881
224	Q	134	15418	3	1150	0.04250999537163944
224	R	15273	15418	1147	1150	0.02778128093775466
224	S	1	15418	0	1150	0.09021350688319411
224	W	10	15418	0	1150	0.8090956085739306
225	A	5	15442	0	1150	0.7869811177284762
225	C	1	15442	2	1150	0.003309832457939603
225	D	2	15442	0	1150	0.31433297118526593
225	G	1	15442	0	1150	0.08992318953588277
225	I	2	15442	0	1150	0.31433297118526593
225	P	1	15442	0	1150	0.08992318953588277
225	V	15430	15442	1148	1150	0.577129944732294
226	*	1	15445	0	1152	0.09021127275886695
226	C	3	15445	0	1152	0.5074141140458674
226	F	2	15445	0	1152	0.31492150048587186
226	H	3	15445	0	1152	0.5074141140458674
226	L	1	15445	0	1152	0.09021127275886695
226	Y	15435	15445	1152	1152	0.809102242282775
227	C	1	15428	0	1150	0.09009241853494349
227	F	452	15428	51	1150	0.005412362080281666
227	H	3	15428	0	1150	0.5071183278673433
227	N	1	15428	0	1150	0.09009241853494349
227	Y	14971	15428	1099	1150	0.006797598028907175
228	G	6	15432	0	1151	0.8932179845212903
228	K	10	15432	0	1151	0.8091165038188273
228	R	15414	15432	1151	1151	0.48683982516629354
228	T	1	15432	0	1151	0.09020633559895416
228	W	1	15432	0	1151	0.09020633559895416
229	A	1	15439	0	1148	0.08963510056619953
229	D	15394	15439	1140	1148	0.03779554062370722
229	E	34	15439	5	1148	0.2553568110263104
229	G	6	15439	1	1148	0.9815523645518207
229	N	4	15439	2	1148	0.0809719374774135
230	A	5	15359	0	1145	0.7875243849419514
230	D	1	15359	0	1145	0.09011573413342411
230	E	1	15359	0	1145	0.09011573413342411
230	G	26	15359	1	1145	0.7772701237091926
230	H	1	15359	0	1145	0.09011573413342411
230	K	0	15359	1	1145	0.09011573413342411
230	N	792	15359	112	1145	5.1051529271479635e-11
230	P	2	15359	0	1145	0.3147263476780563
230	R	4	15359	31	1145	5.539911841833349e-78
230	S	14526	15359	1000	1145	2.649854385698302e-23
230	T	1	15359	0	1145	0.09011573413342411
231	G	8	15406	0	1149	0.9387295214275119
231	I	1	15406	0	1149	0.09019643637630262
231	K	103	15406	10	1149	0.5381984544962575
231	R	15291	15406	1139	1149	0.7708739654164275
231	S	1	15406	0	1149	0.09019643637630262
231	T	1	15406	0	1149	0.09019643637630262
231	V	1	15406	0	1149	0.09019643637630262
232	A	1	15382	0	1125	0.0865882977983382
232	D	15036	15382	1033	1125	2.2260351368244855e-32
232	E	308	15382	45	1125	1.2752178521208845e-05
232	G	5	15382	0	1125	0.7774665475336642
232	N	30	15382	46	1125	1.4343355273219265e-75
232	P	1	15382	0	1125	0.0865882977983382
232	S	0	15382	1	1125	0.0865882977983382
232	T	1	15382	0	1125	0.0865882977983382
233	A	3	15419	0	1152	0.5081973152973913
233	H	2	15419	0	1152	0.31556440938560015
233	L	1	15419	0	1152	0.09052636813976318
233	P	15407	15419	1151	1152	0.6596065472158996
233	Q	1	15419	0	1152	0.09052636813976318
233	R	1	15419	0	1152	0.09052636813976318
233	S	4	15419	1	1152	0.788680905506117
234	C	4	15368	0	1140	0.6589778132746384
234	F	31	15368	16	1140	1.6674834842530248e-12
234	G	2	15368	0	1140	0.31283617819301884
234	H	50	15368	14	1140	7.282288054710965e-06
234	I	7127	15368	100	1140	2.777900337903649e-134
234	L	7287	15368	958	1140	1.7203155627857837e-125
234	M	1	15368	0	1140	0.0891920543025003
234	N	10	15368	0	1140	0.8120713187769264
234	P	2	15368	0	1140	0.31283617819301884
234	R	1	15368	0	1140	0.0891920543025003
234	S	292	15368	0	1140	4.663691290309716e-06
234	T	7	15368	0	1140	0.9802563123197572
234	V	553	15368	52	1140	0.11229409941204595
234	Y	1	15368	0	1140	0.0891920543025003
235	*	33	15436	0	1151	0.21968588179012655
235	G	1	15436	0	1151	0.09015792543032872
235	R	1	15436	0	1151	0.09015792543032872
235	W	15401	15436	1151	1151	0.1990496923105317
236	E	1	15429	0	1150	0.09008031935446521
236	K	15419	15429	1150	1150	0.8094824871345283
236	Q	1	15429	0	1150	0.09008031935446521
236	R	8	15429	0	1150	0.9390688686551157
237	E	5	15434	0	1152	0.7881688821130469
237	G	15417	15434	1152	1152	0.5158354985605612
237	R	12	15434	0	1152	0.7048397939497234
238	A	1	15429	0	1152	0.09040503719417614
238	L	3	15429	0	1152	0.5078958884590203
238	P	15419	15429	1152	1152	0.8085400421751703
238	Q	2	15429	0	1152	0.315316947209988
238	S	4	15429	0	1152	0.6622655960671452
239	A	15412	15424	1152	1154	0.5809074560200217
239	D	1	15424	0	1154	0.09079066052942321
239	G	3	15424	0	1154	0.5088532682649264
239	P	4	15424	0	1154	0.6633059443657442
239	S	1	15424	0	1154	0.09079066052942321
239	T	2	15424	1	1154	0.5088532682649264
239	V	0	15424	1	1154	0.09079066052942321
239	Y	1	15424	0	1154	0.09079066052942321
240	E	4	15417	0	1149	0.6613413046817055
240	I	1	15417	0	1149	0.09006316025350455
240	K	15207	15417	1140	1149	0.12766425061113024
240	L	1	15417	0	1149	0.09006316025350455
240	N	3	15417	0	1149	0.5070454795883406
240	Q	99	15417	0	1149	0.01153477040827827
240	R	95	15417	8	1149	0.8898375142632001
240	S	1	15417	0	1149	0.09006316025350455
240	T	6	15417	1	1149	0.9828011079025735
241	A	1	15415	0	1154	0.09090016333484686
241	F	1	15415	7	1154	1.5053914309317438e-16
241	I	9	15415	0	1154	0.8680536256028772
241	L	15398	15415	1146	1154	5.9530395292603425e-06
241	P	4	15415	1	1154	0.7897311282847059
241	V	2	15415	0	1154	0.31632604423532695
242	F	2	15380	6	1152	6.656216705083551e-12
242	I	1	15380	1	1152	0.31653178179497454
242	L	15371	15380	1145	1152	1.2225893364767745e-07
242	P	1	15380	0	1152	0.0910012418278468
242	S	1	15380	0	1152	0.0910012418278468
242	V	3	15380	0	1152	0.5093752222744311
242	W	1	15380	0	1152	0.0910012418278468
243	*	42	15416	0	1151	0.14176313301832275
243	G	1	15416	0	1151	0.09040025711492222
243	L	0	15416	1	1151	0.09040025711492222
243	R	5	15416	1	1151	0.8937761176180867
243	V	1	15416	0	1151	0.09040025711492222
243	W	15367	15416	1149	1151	0.5650004370411092
244	E	10	15422	0	1150	0.809236320992566
244	K	15402	15422	1150	1150	0.43437122616307133
244	N	1	15422	0	1150	0.09016505047185962
244	P	1	15422	0	1150	0.09016505047185962
244	R	8	15422	0	1150	0.9388212466078691
245	A	1	15419	0	1152	0.09052636813976318
245	C	1	15419	0	1152	0.09052636813976318
245	G	15409	15419	1152	1152	0.8081883953877671
245	R	1	15419	0	1152	0.09052636813976318
245	S	7	15419	0	1152	0.9841483817910853
246	A	1	15420	0	1152	0.09051422713617804
246	D	4	15420	0	1152	0.6625604027575291
246	E	15401	15420	1152	1152	0.4588088451946084
246	G	4	15420	0	1152	0.6625604027575291
246	H	1	15420	0	1152	0.09051422713617804
246	K	9	15420	0	1152	0.8691755179756191
247	E	1	15421	0	1151	0.09033960833226186
247	G	15386	15421	1151	1151	0.1987256746725623
247	K	4	15421	0	1151	0.6620888418074218
247	R	30	15421	0	1151	0.2549818977245032
248	A	15404	15419	1147	1150	0.24582381269023865
248	G	2	15419	0	1150	0.3149013068148091
248	S	5	15419	1	1150	0.8932037493724219
248	T	3	15419	2	1150	0.042441919415050856
248	V	5	15419	0	1150	0.787765882131598
249	A	3	15391	0	1151	0.5086386547410036
249	I	25	15391	2	1151	0.774379537666928
249	L	4	15391	0	1151	0.6630727592894718
249	V	15359	15391	1149	1151	0.9278176259903064
250	A	5	15376	0	1152	0.7901517079650635
250	E	1	15376	0	1152	0.09105009873659707
250	G	1	15376	0	1152	0.09105009873659707
250	I	14	15376	0	1152	0.6173623119583187
250	K	1	15376	0	1152	0.09105009873659707
250	L	8	15376	0	1152	0.9362432369859954
250	P	1	15376	0	1152	0.09105009873659707
250	V	15345	15376	1152	1152	0.24102156215257342
251	G	1	15348	0	1149	0.09090269579238144
251	I	15049	15348	1138	1149	0.023025917917565093
251	L	266	15348	9	1149	0.021102410657262958
251	M	1	15348	1	1149	0.3163311595566347
251	T	1	15348	0	1149	0.09090269579238144
251	V	30	15348	1	1149	0.6415800759238901
252	E	7	15360	0	1150	0.985288130957658
252	H	1	15360	0	1150	0.0909192938304092
252	K	42	15360	3	1150	0.83027579577479
252	L	3	15360	0	1150	0.5091721369969215
252	P	1	15360	0	1150	0.0909192938304092
252	Q	15302	15360	1147	1150	0.7058850412836517
252	R	4	15360	0	1150	0.6636524116898421
253	A	2	15324	0	1141	0.3142618386214717
253	D	14944	15324	1071	1141	5.537401006317755e-13
253	E	288	15324	56	1141	1.097564348534328e-11
253	G	4	15324	0	1141	0.6608681224373595
253	H	61	15324	3	1141	0.6446859516718191
253	K	0	15324	1	1141	0.08988842842663733
253	N	8	15324	1	1141	0.871000596495442
253	P	1	15324	0	1141	0.08988842842663733
253	V	3	15324	1	1141	0.6608681224373595
253	Y	13	15324	8	1141	2.0220991266989256e-07
254	D	21	15332	1	1148	0.9782549974004902
254	E	1	15332	0	1148	0.09093503229282293
254	G	17	15332	3	1148	0.3306754131181026
254	H	22	15332	1	1148	0.9332511739942515
254	I	2	15332	0	1148	0.31639698345708633
254	K	252	15332	14	1148	0.32784722592214294
254	N	14901	15332	1111	1148	0.47260255276306995
254	Q	65	15332	14	1148	0.00039604030491951093
254	R	3	15332	0	1148	0.5092111175740788
254	S	43	15332	4	1148	0.8968343552605693
254	T	4	15332	0	1148	0.6636947691163915
254	Y	1	15332	0	1148	0.09093503229282293
255	C	2	15307	0	1142	0.3150191413270012
255	D	11	15307	0	1142	0.7543540367449219
255	E	11	15307	0	1142	0.7543540367449219
255	G	330	15307	18	1142	0.22757950014285258
255	H	1	15307	0	1142	0.09025914172667866
255	K	31	15307	6	1142	0.05769578969909258
255	N	588	15307	16	1142	3.34861848422551e-05
255	Q	8	15307	2	1142	0.3159905566732512
255	R	52	15307	6	1142	0.44581272709775244
255	S	14249	15307	1093	1142	0.0008100492660151294
255	T	24	15307	1	1142	0.8527772210310991
256	D	12706	15249	870	1143	5.994804356236066e-10
256	E	2525	15249	273	1143	2.814997247006636e-10
256	G	3	15249	0	1143	0.5097056799251048
256	H	1	15249	0	1143	0.09113472271976529
256	K	2	15249	0	1143	0.3168032917959072
256	N	5	15249	0	1143	0.7903888905003938
256	V	2	15249	0	1143	0.3168032917959072
256	Y	5	15249	0	1143	0.7903888905003938
257	I	15332	15362	1151	1152	0.6401018072923454
257	K	0	15362	1	1152	0.09122132118015255
257	L	11	15362	0	1152	0.7515924823472107
257	M	2	15362	0	1152	0.3169794835843407
257	T	3	15362	0	1152	0.5099201326891303
257	V	14	15362	0	1152	0.6168886385636821
258	E	5	15366	0	1152	0.7904943947662443
258	K	15353	15366	1150	1152	0.6453073412266124
258	N	0	15366	1	1152	0.09117236501647888
258	R	8	15366	1	1152	0.8672639446497435
259	A	3	15339	0	1140	0.5057484938649754
259	E	1	15339	0	1140	0.0895429603058592
259	G	1	15339	0	1140	0.0895429603058592
259	I	78	15339	8	1140	0.5088387571502471
259	L	1	15339	1	1140	0.3135550778555392
259	V	15255	15339	1131	1140	0.3971153842434628
260	G	1	15334	0	1151	0.0914011967181467
260	I	86	15334	0	1151	0.019529432125096027
260	L	3	15334	2	1151	0.04338885368189795
260	M	1	15334	0	1151	0.0914011967181467
260	R	0	15334	1	1151	0.0914011967181467
260	V	15243	15334	1148	1151	0.2137596491925262
261	F	1	15335	1	1152	0.3176524888661085
261	P	15320	15335	1151	1152	0.7077962058512323
261	Q	1	15335	0	1152	0.09155251905626202
261	S	13	15335	0	1152	0.6567284157703177
262	E	0	15258	1	1152	0.09250420432489655
262	F	1	15258	0	1152	0.09250420432489655
262	G	2	15258	2	1152	0.017017633960728404
262	K	14	15258	0	1152	0.6133590663716626
262	L	3	15258	0	1152	0.5130842026949496
262	R	15237	15258	1149	1152	0.5145480953880701
262	S	1	15258	0	1152	0.09250420432489655
263	G	3	15323	0	1149	0.509889501294071
263	K	9	15323	3	1149	0.059401654455895764
263	R	15310	15323	1146	1149	0.1741879270316748
263	S	1	15323	0	1149	0.09120895801045917
264	*	1	15299	0	1146	0.0910121873584562
264	E	7	15299	0	1146	0.9855572358455111
264	K	15274	15299	1141	1146	0.08376712024530833
264	N	1	15299	0	1146	0.0910121873584562
264	R	13	15299	5	1146	0.0026457302969143835
264	S	1	15299	0	1146	0.0910121873584562
264	T	2	15299	0	1146	0.31655400824338153
265	A	13009	15105	1066	1142	6.46481003186812e-12
265	E	2	15105	0	1142	0.32010297541663973
265	G	1	15105	0	1142	0.09276217932261355
265	I	2	15105	0	1142	0.32010297541663973
265	P	1	15105	0	1142	0.09276217932261355
265	Q	1	15105	0	1142	0.09276217932261355
265	S	2	15105	0	1142	0.32010297541663973
265	T	14	15105	1	1142	0.6524731046664664
265	V	2073	15105	75	1142	7.966108055065449e-12
266	E	1	15258	0	1149	0.09201046938507142
266	K	15252	15258	1149	1149	0.8983841594937472
266	N	1	15258	0	1149	0.09201046938507142
266	Q	2	15258	0	1149	0.3185815743373449
266	R	2	15258	0	1149	0.3185815743373449
267	F	1	15175	0	1139	0.09139032385118824
267	I	15157	15175	1138	1139	0.8758313032054488
267	N	1	15175	0	1139	0.09139032385118824
267	T	2	15175	0	1139	0.3173229068116161
267	V	14	15175	1	1139	0.6462914444160202
268	F	2	15102	0	1138	0.31883311659432373
268	I	14882	15102	1111	1138	0.020957911045530988
268	L	194	15102	24	1138	0.028038014329864486
268	M	0	15102	1	1138	0.09213464051998953
268	N	1	15102	0	1138	0.09213464051998953
268	P	1	15102	0	1138	0.09213464051998953
268	S	1	15102	0	1138	0.09213464051998953
268	T	4	15102	0	1138	0.6669135503699581
268	V	17	15102	2	1138	0.8794960238556304
269	G	3	15018	1	1137	0.6692913726970628
269	K	2137	15018	32	1137	2.2169811563514466e-27
269	M	1	15018	0	1137	0.09302609302796462
269	N	1	15018	0	1137	0.09302609302796462
269	Q	1	15018	0	1137	0.09302609302796462
269	R	12871	15018	1104	1137	3.561764814416812e-27
269	T	3	15018	0	1137	0.5143652475344006
269	V	1	15018	0	1137	0.09302609302796462
270	A	0	15023	1	1131	0.09195961931440756
270	C	1	15023	0	1131	0.09195961931440756
270	D	14753	15023	1092	1131	0.00014670966153076378
270	E	68	15023	6	1131	0.8841920881145859
270	G	6	15023	0	1131	0.898239505955078
270	H	109	15023	23	1131	5.599277497831805e-06
270	N	83	15023	9	1131	0.39891122972164716
270	V	3	15023	0	1131	0.5117433425806626
271	C	1	14946	0	1125	0.09192545826625378
271	D	2	14946	0	1125	0.3184090268255408
271	F	1	14946	0	1125	0.09192545826625378
271	H	5	14946	0	1125	0.7925994878807159
271	N	1	14946	0	1125	0.09192545826625378
271	S	1	14946	0	1125	0.09192545826625378
271	Y	14935	14946	1125	1125	0.7495802085320862
272	A	2	14952	0	1125	0.31825528038623097
272	E	1	14952	1	1125	0.31825528038623097
272	G	14927	14952	1124	1125	0.8059005086214694
272	K	3	14952	0	1125	0.5114720904446044
272	R	19	14952	0	1125	0.4554005859798492
273	E	4	14957	0	1123	0.6650816785105785
273	I	1	14957	0	1123	0.09145099122124765
273	K	14892	14957	1119	1123	0.880035083178306
273	N	7	14957	0	1123	0.9868263304868772
273	Q	34	14957	4	1123	0.589757061259512
273	R	18	14957	0	1123	0.48359497419708597
273	T	1	14957	0	1123	0.09145099122124765
274	H	2	14907	0	1123	0.3187283247896162
274	K	7	14907	0	1123	0.9886470964535048
274	Q	14893	14907	1123	1123	0.6145096077250018
274	R	5	14907	0	1123	0.7930386198361787
275	I	3	14852	0	1119	0.5121068093880237
275	M	14747	14852	1105	1119	0.06275982236731392
275	V	102	14852	14	1119	0.04983747729759136
276	A	14821	14828	1119	1119	0.9895961504050199
276	E	3	14828	0	1119	0.5128604969713424
276	G	2	14828	0	1119	0.31939739818105
276	P	1	14828	0	1119	0.09241339281195654
276	T	1	14828	0	1119	0.09241339281195654
277	C	8	14441	3	1125	0.04703132237222405
277	D	6	14441	0	1125	0.9166546309733736
277	E	2	14441	0	1125	0.3316824951456238
277	G	14412	14441	1119	1125	0.05222933874591755
277	N	1	14441	0	1125	0.0985556415116777
277	R	4	14441	3	1125	0.0035986253743459824
277	S	6	14441	0	1125	0.9166546309733736
277	Y	2	14441	0	1125	0.3316824951456238
278	A	2143	14382	17	1108	6.182291678970582e-35
278	D	11913	14382	1076	1108	2.46648433103647e-35
278	E	13	14382	5	1108	0.003283666315492057
278	G	51	14382	3	1108	0.8478858132625594
278	H	2	14382	0	1108	0.32736009035858094
278	I	1	14382	0	1108	0.09637831619006457
278	N	176	14382	7	1108	0.10674131471561411
278	P	3	14382	0	1108	0.5225150692535196
278	R	1	14382	0	1108	0.09637831619006457
278	S	20	14382	0	1108	0.41910202305491084
278	T	55	14382	0	1108	0.07185420329864278
278	V	2	14382	0	1108	0.32736009035858094
278	Y	2	14382	0	1108	0.32736009035858094
279	A	8	13991	0	1113	0.9035608770261819
279	D	13691	13991	1082	1113	0.1937670447008504
279	E	1	13991	0	1113	0.10272644492052824
279	G	250	13991	22	1113	0.7330101616363661
279	H	0	13991	1	1113	0.10272644492052824
279	I	1	13991	0	1113	0.10272644492052824
279	N	40	13991	8	1113	0.028319144512605324
280	C	13973	14059	1110	1115	0.63248690845576
280	D	1	14059	0	1115	0.10211186742697236
280	G	4	14059	0	1115	0.692880884129772
280	N	1	14059	0	1115	0.10211186742697236
280	R	3	14059	0	1115	0.5361532384745182
280	S	73	14059	5	1115	0.9197691298037636
280	V	1	14059	0	1115	0.10211186742697236
280	W	2	14059	0	1115	0.3386688177609621
280	Y	1	14059	0	1115	0.10211186742697236
281	A	3	14020	0	1110	0.5353436287047859
281	E	2	14020	0	1110	0.33799555987583807
281	G	6	14020	0	1110	0.9253673496270883
281	L	18	14020	0	1110	0.45795321021313296
281	M	418	14020	6	1110	3.3387002081848415e-06
281	R	1	14020	0	1110	0.10176722245455247
281	V	13572	14020	1104	1110	9.611936075593393e-07
282	A	14042	14061	1118	1118	0.42926080933255506
282	D	5	14061	0	1118	0.8215368450362772
282	E	2	14061	0	1118	0.3396677202498328
282	F	1	14061	0	1118	0.10262399943473886
282	G	3	14061	0	1118	0.5373539014436187
282	P	4	14061	0	1118	0.6941776657662759
282	T	4	14061	0	1118	0.6941776657662759
283	C	1	13845	0	1092	0.10100889276087004
283	D	67	13845	0	1092	0.038565698963414906
283	G	6113	13845	133	1092	3.3153899247444217e-94
283	I	2	13845	0	1092	0.33651123009600725
283	N	42	13845	2	1092	0.677641176751357
283	Q	1	13845	0	1092	0.10100889276087004
283	R	2	13845	1	1092	0.533557639527388
283	S	7615	13845	956	1092	4.816061246780869e-97
283	T	1	13845	0	1092	0.10100889276087004
283	V	1	13845	0	1092	0.10100889276087004
284	G	547	13897	60	1105	0.018967662522482966
284	I	4	13897	1	1105	0.8215555437856157
284	K	6	13897	0	1105	0.9276844168251466
284	R	13333	13897	1044	1105	0.02365948596338446
284	S	1	13897	0	1105	0.10263111715447046
284	T	6	13897	0	1105	0.9276844168251466
285	*	2	13973	0	1115	0.3410790537062173
285	K	1	13973	0	1115	0.10334917442367718
285	P	25	13973	1	1115	0.7518704695462554
285	Q	13929	13973	1113	1115	0.6116846153030986
285	R	16	13973	1	1115	0.821151521813196
286	A	28	13876	0	1109	0.25593803027203776
286	D	13194	13876	1063	1109	0.2842603530773814
286	E	43	13876	1	1109	0.3110980726401575
286	G	11	13876	0	1109	0.7174425285201775
286	H	1	13876	0	1109	0.10366718494986898
286	K	1	13876	0	1109	0.10366718494986898
286	L	1	13876	0	1109	0.10366718494986898
286	N	533	13876	45	1109	0.7799940585667053
286	R	1	13876	0	1109	0.10366718494986898
286	S	2	13876	0	1109	0.3416968076691244
286	T	57	13876	0	1109	0.05943226137520552
286	V	4	13876	0	1109	0.6968087923933423
287	A	17	13795	0	1113	0.47759633407303703
287	D	7	13795	0	1113	0.9740619109682069
287	E	13736	13795	1111	1113	0.3160126443613274
287	G	5	13795	0	1113	0.8292753256317744
287	K	20	13795	2	1113	0.9079278692564359
287	Q	8	13795	0	1113	0.8958802854482416
287	T	1	13795	0	1113	0.10559406722585213
287	V	1	13795	0	1113	0.10559406722585213
288	A	1	13744	0	1108	0.10543046745564096
288	D	13146	13744	1084	1108	0.0006384759109468591
288	E	16	13744	0	1108	0.5090341511315235
288	G	21	13744	1	1108	0.9086774358661209
288	I	3	13744	0	1108	0.5438845341460127
288	N	486	13744	21	1108	0.0049935007019605
288	Q	2	13744	2	1108	0.022202965409080646
288	S	64	13744	0	1108	0.041552235303379946
288	T	5	13744	0	1108	0.8288521620048698
