Position	AA	% Naive Positive	# Naive Positive	# Naive Patients	% Treated Positive	# Treated Positive	# Treated Patients	P Value	Rank	P Value (Corrected)	Is DRM	Is Important Position
49	G	0.0	0	7651	0.004088307440719542	5	1223	7.593638731904458e-07	223	0.00016933814372146943	False	False
50	V	0.0011562178828365879	9	7784	0.009569377990430622	12	1254	5.74537111767191e-08	225	1.2927085014761798e-05	False	False
51	Y	0.00013061650992685477	1	7656	0.004058441558441558	5	1232	1.4545299749931347e-05	218	0.0031708753454850335	True	False
66	A	0.00013068478829064296	1	7652	0.006329113924050633	8	1264	2.666628602356933e-09	229	6.106579499397377e-07	True	True
66	I	0.00026136957658128593	2	7652	0.011867088607594937	15	1264	3.9488602347655596e-17	235	9.279821551699064e-15	True	True
66	K	0.0	0	7652	0.0031645569620253164	4	1264	2.609467169611985e-05	216	0.005636449086361887	True	True
70	R	0.001692047377326565	13	7683	0.00865460267505901	11	1271	3.262333551336257e-05	213	0.006948770464346228	False	False
75	I	0.0006529119874640898	5	7658	0.007936507936507936	10	1260	4.3572977552674623e-08	226	9.847492926904464e-06	False	False
79	I	0.0026082420448617634	20	7668	0.020537124802527645	26	1266	8.578643506171994e-16	234	2.0074025804442466e-13	False	False
92	A	0.0	0	7667	0.003108003108003108	4	1287	3.048428895831416e-05	214	0.00652363783707923	False	True
92	Q	0.00013042911177774878	1	7667	0.05827505827505827	75	1287	8.793736426662649e-97	248	2.1808466338123368e-94	True	True
95	K	0.00013049719431032232	1	7663	0.013406940063091483	17	1268	4.246620924476717e-21	238	1.0106957800254586e-18	True	False
112	S	0.0010221029768749201	8	7827	0.00913937547600914	12	1313	3.671804856114559e-08	227	8.334997023380048e-06	False	False
113	L	0.0038565368299267257	30	7779	0.019546520719311962	25	1279	8.063130737434602e-11	231	1.862583200347393e-08	False	False
118	R	0.0	0	7659	0.00398406374501992	5	1255	1.0480080870541643e-06	222	0.00023265779532602449	True	True
138	A	0.0	0	7671	0.023520485584218515	31	1318	8.63817198312587e-40	241	2.0817994479333345e-37	True	True
138	K	0.003128666405944466	24	7671	0.048558421851289835	64	1318	5.354701613867868e-53	244	1.3065471937837599e-50	True	True
138	T	0.0	0	7671	0.006069802731411229	8	1318	2.5052187400921424e-10	230	5.7620031022119275e-08	True	True
140	A	0.0	0	7660	0.01603053435114504	21	1310	4.056308970038392e-27	240	9.735141528092141e-25	True	True
140	C	0.0	0	7660	0.0053435114503816794	7	1310	4.493734866172589e-09	228	1.0245715494873503e-06	True	True
140	S	0.000391644908616188	3	7660	0.2129770992366412	279	1310	0.0	252	0.0	True	True
142	T	0.0002609262883235486	2	7665	0.00477326968973747	6	1257	8.753297946857411e-06	220	0.0019257255483086306	False	False
143	C	0.0	0	7658	0.03129890453834116	40	1278	8.87816600778832e-53	243	2.1573943398925616e-50	True	True
143	G	0.0	0	7658	0.003129890453834116	4	1278	2.881706590177793e-05	215	0.0061956691688822545	True	True
143	H	0.0	0	7658	0.010954616588419406	14	1278	1.572661103584318e-18	236	3.7114802044589903e-16	True	True
143	R	0.0	0	7658	0.05712050078247261	73	1278	2.1782321560311757e-96	247	5.380233425397004e-94	True	True
143	S	0.00013058239749281798	1	7658	0.005477308294209703	7	1278	6.257986411118872e-08	224	1.4017889560906275e-05	True	True
147	G	0.0002610625244746117	2	7661	0.015810276679841896	20	1265	1.1617479281974341e-23	239	2.7765775483918676e-21	True	True
148	H	0.00013054830287206266	1	7660	0.18863636363636363	249	1320	0.0	251	0.0	True	True
148	K	0.0	0	7660	0.006818181818181818	9	1320	1.384169456577376e-11	233	3.225114833825286e-09	True	True
148	R	0.0005221932114882506	4	7660	0.06893939393939394	91	1320	4.233162378112808e-110	249	1.0540574321500891e-107	True	True
155	D	0.00013063357282821686	1	7655	0.0037369207772795215	5	1338	3.479436137676181e-05	212	0.007376404611873503	False	True
155	H	0.0002612671456564337	2	7655	0.2593423019431988	347	1338	0.0	250	0.0	True	True
163	K	0.0015566221299779478	12	7709	0.019832189168573607	26	1311	3.134563082346166e-20	237	7.428914505160413e-18	True	False
163	R	0.0024646517057984175	19	7709	0.05491990846681922	72	1311	5.7691397690208696e-68	246	1.419208383179134e-65	True	False
170	A	0.0003920543648719289	3	7652	0.00870253164556962	11	1264	6.596369583194843e-11	232	1.5303577433012037e-08	False	False
171	R	0.0002599090318388564	2	7695	0.004754358161648178	6	1262	8.760300696698988e-06	219	0.0019185058525770784	False	False
194	C	0.0010460251046025104	8	7648	0.007171314741035857	9	1255	2.0614873929414038e-05	217	0.0044734276426828465	False	False
230	R	0.00025940337224383917	2	7710	0.029921259842519685	38	1270	1.5960786125007458e-47	242	3.862510242251805e-45	True	False
232	N	0.004296875	33	7680	0.06055900621118013	78	1288	4.4551306381466853e-63	245	1.091507006345938e-60	False	False
253	Y	0.0014328513742347272	11	7677	0.00794912559618442	10	1258	3.954055292517393e-05	211	0.0083430566672117	False	False
264	R	0.0007879185817465528	6	7615	0.007228915662650603	9	1245	2.0020584922292898e-06	221	0.000442454926782673	False	False
