Position	AA	# Naive Positive	% Naive Positive	# Naive Patients	# Treated Positive	% Treated Positive	# Treated Patients	P Value	Is DRM	Is Important Position
11	E	5343	0.6998035363457761	7635	912	0.7689713322091062	1186	1.2657704382852887e-06	False	False
14	R	699	0.09126517822169997	7659	149	0.1231404958677686	1210	0.0005577829772180944	False	False
17	N	1640	0.21207810681494893	7733	319	0.2645107794361526	1206	4.9793917671508765e-05	False	False
20	K	486	0.06361256544502618	7640	108	0.08888888888888889	1215	0.0013288886206110544	False	False
28	L	6549	0.8534010946051602	7674	1087	0.9204064352243861	1181	6.563079784113251e-10	False	False
31	I	1840	0.23412647919582644	7859	383	0.31444991789819376	1218	1.6409325188311794e-09	False	False
31	M	7	0.0008906985621580354	7859	7	0.005747126436781609	1218	0.0002873573070364842	False	False
32	V	7147	0.9278203297416591	7703	1128	0.9494949494949495	1188	0.007428761992611391	False	False
34	R	104	0.013609002878827532	7642	38	0.03198653198653199	1188	5.099204326572831e-06	False	False
41	N	101	0.013159609120521172	7675	37	0.03052805280528053	1212	9.881179542649086e-06	False	False
45	L	6699	0.8633844567598917	7759	1091	0.9016528925619834	1210	0.00029632388011984346	False	False
49	G	0	0.0	7651	5	0.004088307440719542	1223	7.593638731904458e-07	False	False
49	P	30	0.003921056071101817	7651	13	0.01062959934587081	1223	0.003553344992053453	False	False
50	I	755	0.09699383350462487	7784	196	0.15629984051036683	1254	2.9330305485977673e-10	False	False
50	V	9	0.0011562178828365879	7784	12	0.009569377990430622	1254	5.74537111767191e-08	False	False
51	D	3	0.00039184952978056425	7656	5	0.004058441558441558	1232	0.0005180170069713927	False	False
51	R	1	0.00013061650992685477	7656	3	0.002435064935064935	1232	0.004865117590645199	False	False
51	Y	1	0.00013061650992685477	7656	5	0.004058441558441558	1232	1.4545299749931347e-05	True	False
57	S	7470	0.9713914174252276	7690	1243	0.9896496815286624	1256	0.00024137951683633752	False	False
63	I	40	0.005215803885773895	7669	31	0.0244672454617206	1267	2.9621837171309556e-12	False	False
63	V	5	0.0006519754857217369	7669	7	0.0055248618784530384	1267	7.07559811346488e-05	False	False
66	A	1	0.00013068478829064296	7652	8	0.006329113924050633	1264	2.666628602356933e-09	True	True
66	I	2	0.00026136957658128593	7652	15	0.011867088607594937	1264	3.9488602347655596e-17	True	True
66	K	0	0.0	7652	4	0.0031645569620253164	1264	2.609467169611985e-05	True	True
69	Q	0	0.0	7666	3	0.0023847376788553257	1258	0.0005674751482387916	False	False
70	R	13	0.001692047377326565	7683	11	0.00865460267505901	1271	3.262333551336257e-05	False	False
72	I	5205	0.6530740276035132	7970	990	0.7388059701492538	1340	9.206166883930561e-10	False	False
74	M	42	0.005480167014613779	7664	76	0.05914396887159533	1285	5.17778501931873e-54	False	False
75	I	5	0.0006529119874640898	7658	10	0.007936507936507936	1260	4.3572977552674623e-08	False	False
79	I	20	0.0026082420448617634	7668	26	0.020537124802527645	1266	8.578643506171994e-16	False	False
88	V	7438	0.9689942678478374	7676	1243	0.9880763116057234	1258	0.00022405858636466284	False	False
90	S	104	0.013522298790794435	7691	30	0.02356637863315004	1273	0.009032911223409115	False	False
91	A	7300	0.9489145976862082	7693	1228	0.9707509881422924	1265	0.0009811731696886664	False	False
92	A	0	0.0	7667	4	0.003108003108003108	1287	3.048428895831416e-05	False	True
92	G	3	0.0003912873353332464	7667	6	0.004662004662004662	1287	6.368458262768896e-05	True	True
92	Q	1	0.00013042911177774878	7667	75	0.05827505827505827	1287	8.793736426662649e-97	True	True
95	K	1	0.00013049719431032232	7663	17	0.013406940063091483	1268	4.246620924476717e-21	True	False
96	N	1	0.0001302931596091205	7675	4	0.003179650238473768	1258	0.000323645997452175	False	False
97	A	40	0.005217164471109952	7667	151	0.11526717557251909	1310	2.2027998843848907e-142	True	False
101	I	3553	0.44974683544303795	7900	709	0.5496124031007752	1290	3.16738868107928e-11	False	False
112	A	359	0.04586687108726204	7827	89	0.06778370144706779	1313	0.0008533759812505737	False	False
112	I	485	0.06196499297304203	7827	116	0.08834729626808835	1313	0.0004496712731342622	False	False
112	S	8	0.0010221029768749201	7827	12	0.00913937547600914	1313	3.671804856114559e-08	False	False
113	L	30	0.0038565368299267257	7779	25	0.019546520719311962	1279	8.063130737434602e-11	False	False
118	R	0	0.0	7659	5	0.00398406374501992	1255	1.0480080870541643e-06	True	True
119	R	368	0.04742268041237113	7760	86	0.06605222734254992	1302	0.005388431862582257	False	False
121	Y	1	0.00013054830287206266	7660	4	0.0031847133757961785	1256	0.00032458453046519997	True	False
124	A	1770	0.22188792779240316	7977	374	0.2846270928462709	1314	6.823668790513472e-07	False	False
124	R	0	0.0	7977	3	0.00228310502283105	1314	0.0005823191553488297	False	False
124	S	141	0.017675817976682964	7977	38	0.0289193302891933	1314	0.008313257012718001	False	False
134	N	7	0.0009128847157016171	7668	6	0.00477326968973747	1257	0.0034166838693552273	False	False
135	V	565	0.07289382015223841	7751	136	0.10683424980361352	1273	3.528347348178758e-05	False	False
136	E	3	0.000390015600624025	7692	4	0.0031620553359683794	1265	0.006397745788671076	False	False
136	Q	70	0.009100364014560582	7692	28	0.022134387351778657	1265	6.779951340272912e-05	False	False
136	T	20	0.0026001040041601664	7692	11	0.008695652173913044	1265	0.0015633260973585508	False	False
138	A	0	0.0	7671	31	0.023520485584218515	1318	8.63817198312587e-40	True	True
138	D	61	0.007952027115108852	7671	47	0.03566009104704097	1318	4.769175903007218e-17	False	True
138	K	24	0.003128666405944466	7671	64	0.048558421851289835	1318	5.354701613867868e-53	True	True
138	T	0	0.0	7671	8	0.006069802731411229	1318	2.5052187400921424e-10	True	True
140	A	0	0.0	7660	21	0.01603053435114504	1310	4.056308970038392e-27	True	True
140	C	0	0.0	7660	7	0.0053435114503816794	1310	4.493734866172589e-09	True	True
140	S	3	0.000391644908616188	7660	279	0.2129770992366412	1310	0.0	True	True
142	T	2	0.0002609262883235486	7665	6	0.00477326968973747	1257	8.753297946857411e-06	False	False
143	C	0	0.0	7658	40	0.03129890453834116	1278	8.87816600778832e-53	True	True
143	G	0	0.0	7658	4	0.003129890453834116	1278	2.881706590177793e-05	True	True
143	H	0	0.0	7658	14	0.010954616588419406	1278	1.572661103584318e-18	True	True
143	R	0	0.0	7658	73	0.05712050078247261	1278	2.1782321560311757e-96	True	True
143	S	1	0.00013058239749281798	7658	7	0.005477308294209703	1278	6.257986411118872e-08	True	True
146	R	0	0.0	7659	3	0.0023847376788553257	1258	0.0005710147248265174	False	False
147	G	2	0.0002610625244746117	7661	20	0.015810276679841896	1265	1.1617479281974341e-23	True	True
148	H	1	0.00013054830287206266	7660	249	0.18863636363636363	1320	0.0	True	True
148	K	0	0.0	7660	9	0.006818181818181818	1320	1.384169456577376e-11	True	True
148	R	4	0.0005221932114882506	7660	91	0.06893939393939394	1320	4.233162378112808e-110	True	True
151	I	352	0.04572616263964666	7698	181	0.13732928679817905	1318	1.9014091662323043e-38	False	False
155	D	1	0.00013063357282821686	7655	5	0.0037369207772795215	1338	3.479436137676181e-05	False	True
155	H	2	0.0002612671456564337	7655	347	0.2593423019431988	1338	0.0	True	True
156	K	5929	0.7677068496698174	7723	1132	0.8892380204241949	1273	2.0136237384032407e-22	False	False
157	Q	247	0.03210293735378217	7694	85	0.06692913385826772	1270	1.874694803647174e-09	True	False
160	Q	144	0.018737800910865323	7685	50	0.039401103230890466	1269	4.653233066344947e-06	False	False
160	S	1	0.00013012361743656474	7685	3	0.002364066193853428	1269	0.0055720643847085825	False	False
160	T	43	0.005595315549772283	7685	17	0.013396375098502758	1269	0.0029783787820937594	False	False
163	K	12	0.0015566221299779478	7709	26	0.019832189168573607	1311	3.134563082346166e-20	True	False
163	R	19	0.0024646517057984175	7709	72	0.05491990846681922	1311	5.7691397690208696e-68	True	False
163	T	31	0.004021273835776365	7709	13	0.009916094584286803	1311	0.008852647509005716	False	False
167	E	225	0.029281624154086413	7684	56	0.044444444444444446	1260	0.005559411241744404	False	False
170	A	3	0.0003920543648719289	7652	11	0.00870253164556962	1264	6.596369583194843e-11	False	False
171	R	2	0.0002599090318388564	7695	6	0.004754358161648178	1262	8.760300696698988e-06	False	False
180	I	7	0.0009141961603761264	7657	8	0.006364359586316627	1257	6.382640267141876e-05	False	False
181	L	198	0.025767829255596043	7684	69	0.0549800796812749	1255	2.904874812675362e-08	False	False
194	C	8	0.0010460251046025104	7648	9	0.007171314741035857	1255	2.0614873929414038e-05	False	False
195	H	1	0.0001304631441617743	7665	3	0.0023847376788553257	1258	0.0053977637334679945	False	False
198	E	7540	0.9833072509128847	7668	1245	0.994408945686901	1252	0.004258782789121828	False	False
203	I	7053	0.9088917525773196	7760	1188	0.9354330708661417	1270	0.0022772568757682726	False	False
208	M	57	0.007376730943445063	7727	34	0.02666666666666667	1275	4.71620696474694e-10	False	False
210	I	23	0.003002219031458034	7661	11	0.008744038155802861	1258	0.004862569794865983	False	False
212	A	122	0.015895765472312702	7675	34	0.02713487629688747	1253	0.0069559273678067865	False	False
212	L	5	0.0006514657980456026	7675	6	0.004788507581803671	1253	0.000589742449860763	False	False
215	K	6995	0.9093863754550182	7692	1176	0.9340746624305004	1259	0.004723339742855235	False	False
218	L	8	0.0010310607036989304	7759	6	0.004739336492890996	1266	0.006459369965523588	False	False
218	S	494	0.06366799845340894	7759	130	0.10268562401263823	1266	5.325108122798663e-07	False	False
219	N	160	0.020876826722338204	7664	45	0.035742652899126294	1259	0.0015702197579427588	False	False
221	R	10	0.0013078733978550876	7646	9	0.00718849840255591	1252	0.0001189144563883721	False	False
227	F	187	0.02441890833115696	7658	57	0.04549082202713488	1253	3.4166396720822945e-05	False	False
229	N	2	0.00026171159382360636	7642	5	0.00398406374501992	1255	0.00013583046676257803	False	False
230	R	2	0.00025940337224383917	7710	38	0.029921259842519685	1270	1.5960786125007458e-47	True	False
232	N	33	0.004296875	7680	78	0.06055900621118013	1288	4.4551306381466853e-63	False	False
234	F	42	0.005456671430427439	7697	22	0.0171473109898675	1283	9.448311102341544e-06	False	False
234	V	137	0.017799142523060932	7697	51	0.03975058456742011	1283	6.383585623881828e-07	False	False
241	F	8	0.0010471204188481676	7640	7	0.005591054313099041	1252	0.001113545861745116	False	False
251	L	30	0.003921056071101817	7651	13	0.010383386581469648	1252	0.004544849691389057	False	False
253	E	239	0.031131952585645436	7677	63	0.050079491255961846	1258	0.0007712089971463876	False	False
253	N	5	0.0006512960791976032	7677	7	0.005564387917329093	1258	6.461918133016953e-05	False	False
253	Y	11	0.0014328513742347272	7677	10	0.00794912559618442	1258	3.954055292517393e-05	False	False
256	E	1457	0.18841329367645157	7733	283	0.22424722662440572	1262	0.0031804107231037534	False	False
259	I	33	0.004325599685410932	7629	24	0.0189873417721519	1264	4.637593707530461e-09	False	False
260	L	1	0.00013116474291710389	7624	3	0.002403846153846154	1248	0.005324319489600123	False	False
262	R	7606	0.9872793354101765	7704	1242	0.9975903614457832	1245	0.0022808546218751067	False	False
263	K	17	0.0022277552090158564	7631	13	0.0104	1250	1.3428144294022915e-05	True	True
264	R	6	0.0007879185817465528	7615	9	0.007228915662650603	1245	2.0020584922292898e-06	False	False
265	A	6904	0.8925662572721397	7735	1161	0.9206978588421887	1261	0.0027784480042770607	False	False
268	L	86	0.011336672818349592	7586	30	0.024154589371980676	1242	0.00039577182821477286	False	False
270	H	32	0.004244031830238726	7540	23	0.018563357546408393	1239	1.0293633640043473e-08	False	False
273	Q	5	0.00066711140760507	7495	5	0.004098360655737705	1220	0.004698353355729399	False	False
278	A	31	0.004180714767363453	7415	17	0.013888888888888888	1224	5.680265136953546e-05	False	False
283	G	640	0.09075439591605218	7052	144	0.11612903225806452	1240	0.0057156968719326105	False	False
284	G	236	0.03362302322268129	7019	75	0.06213753106876554	1207	2.403454720992252e-06	False	False
