Position	AA	# Naive Positive	# Naive Patients	# Treated Positive	# Treated Patients	P Value	Is DRM
1	C	1	7246	0	1156	0.29272250931408295	False
1	F	7241	7246	1155	1156	0.6995483750357768	False
1	I	3	7246	0	1156	0.8837248493782449	False
1	L	1	7246	0	1156	0.29272250931408295	False
1	S	0	7246	1	1156	0.29272250931408295	False
2	F	6	7260	1	1158	0.6113091692213897	False
2	I	1	7260	0	1158	0.2926554367667009	False
2	L	7250	7260	1156	1158	0.8993897036995199	False
2	P	1	7260	0	1158	0.2926554367667009	False
2	S	1	7260	0	1158	0.2926554367667009	False
2	W	1	7260	1	1158	0.6442928501868341	False
3	D	7227	7286	1151	1163	0.5502643923669601	False
3	E	34	7286	6	1163	0.9978062004920609	False
3	G	5	7286	0	1163	0.8069029240793587	False
3	N	17	7286	5	1163	0.3618197168758658	False
3	Q	1	7286	1	1163	0.6446373919419728	False
3	V	1	7286	0	1163	0.29289981118923436	False
3	Y	1	7286	0	1163	0.29289981118923436	False
4	*	4	7292	0	1164	0.9414312200239697	False
4	E	16	7292	3	1164	0.9386699406827871	False
4	G	7252	7292	1158	1164	0.942554179954548	False
4	K	3	7292	0	1164	0.8840164744067385	False
4	N	5	7292	0	1164	0.8068837880375852	False
4	R	11	7292	3	1164	0.6565121604461086	False
4	S	1	7292	0	1164	0.2929119290711931	False
5	I	7371	7377	1158	1158	0.708002272908455	False
5	K	2	7377	0	1158	0.636796227847436	False
5	L	1	7377	0	1158	0.2873506689153849	False
5	M	1	7377	0	1158	0.2873506689153849	False
5	R	1	7377	0	1158	0.2873506689153849	False
5	V	1	7377	0	1158	0.2873506689153849	False
6	A	3	7471	0	1173	0.8755316332847811	False
6	D	6919	7471	1091	1173	0.6702592269337395	False
6	E	410	7471	59	1173	0.5656186481499331	False
6	G	1	7471	0	1173	0.2874199517472325	False
6	H	2	7471	0	1173	0.6368943474125331	False
6	K	2	7471	0	1173	0.6368943474125331	False
6	N	58	7471	14	1173	0.1974735711471031	False
6	S	26	7471	2	1173	0.47255632547549387	False
6	T	48	7471	7	1173	0.9885157674592345	False
6	V	1	7471	0	1173	0.2874199517472325	False
6	Y	1	7471	0	1173	0.2874199517472325	False
7	*	1	7561	0	1174	0.28374960256365034	False
7	A	2	7561	0	1174	0.6316879419491377	False
7	D	2	7561	1	1174	0.8698321611340414	False
7	E	71	7561	11	1174	0.8761641915031716	False
7	I	1	7561	0	1174	0.28374960256365034	False
7	K	7135	7561	1096	1174	0.18910152681877251	False
7	M	1	7561	0	1174	0.28374960256365034	False
7	N	5	7561	0	1174	0.8215161577283403	False
7	Q	50	7561	13	1174	0.1349199659706307	False
7	R	291	7561	53	1174	0.3122304645731607	False
7	T	1	7561	0	1174	0.28374960256365034	False
7	V	1	7561	0	1174	0.28374960256365034	False
8	A	7471	7480	1158	1159	0.8830821961141432	False
8	D	1	7480	0	1159	0.2830619511973277	False
8	G	1	7480	0	1159	0.2830619511973277	False
8	P	2	7480	1	1159	0.868761970240869	False
8	T	2	7480	0	1159	0.6307106633121491	False
8	V	3	7480	0	1159	0.868761970240869	False
9	*	1	7483	0	1159	0.28293006027106155	False
9	H	2	7483	1	1159	0.8685565607076903	False
9	P	10	7483	0	1159	0.43480729706822774	False
9	Q	7470	7483	1158	1159	0.7669520730261362	False
10	A	55	7548	3	1169	0.09812871348251152	False
10	D	682	7548	103	1169	0.8456449221027477	False
10	E	6782	7548	1060	1169	0.4120510768611936	False
10	G	14	7548	2	1169	0.794729809412021	False
10	H	1	7548	0	1169	0.28291131273114195	False
10	K	5	7548	0	1169	0.8228643158399433	False
10	N	1	7548	0	1169	0.28291131273114195	False
10	Q	2	7548	1	1169	0.868527182777059	False
10	V	6	7548	0	1169	0.715046071540952	False
11	A	10	7624	0	1169	0.43951723048334546	False
11	D	2256	7624	271	1169	7.68515121803266e-06	False
11	E	5339	7624	897	1169	3.088730600566529e-06	False
11	G	7	7624	1	1169	0.6493421095051907	False
11	K	1	7624	0	1169	0.2796234245421738	False
11	N	1	7624	0	1169	0.2796234245421738	False
11	Q	5	7624	0	1169	0.8281699555714307	False
11	S	2	7624	0	1169	0.6258150011946586	False
11	V	3	7624	0	1169	0.8633963371523192	False
12	H	7483	7499	1157	1159	0.9500322355410111	False
12	N	2	7499	1	1159	0.8674624939119242	False
12	P	6	7499	0	1159	0.7161336228736896	False
12	Q	1	7499	1	1159	0.6295245462692787	False
12	R	1	7499	0	1159	0.2822279099738233	False
12	S	1	7499	0	1159	0.2822279099738233	False
12	T	1	7499	0	1159	0.2822279099738233	False
12	Y	4	7499	0	1159	0.9584654884303038	False
13	*	1	7539	0	1170	0.2835852183191113	False
13	A	1	7539	1	1170	0.6314543753655091	False
13	D	152	7539	27	1170	0.5870400669393041	False
13	E	7360	7539	1141	1170	0.908822552753825	False
13	G	13	7539	1	1170	0.7651792902920762	False
13	K	9	7539	0	1170	0.4880167401091223	False
13	Q	2	7539	0	1170	0.6314543753655091	False
13	V	1	7539	0	1170	0.2835852183191113	False
14	E	2	7648	0	1192	0.6334548203502139	False
14	K	6946	7648	1044	1192	0.0005135804818329898	False
14	N	1	7648	0	1192	0.28499389490864246	False
14	R	697	7648	148	1192	0.0003792062180648186	False
14	T	2	7648	0	1192	0.6334548203502139	False
15	*	1	7513	0	1162	0.2824645756034475	False
15	D	1	7513	0	1162	0.2824645756034475	False
15	F	4	7513	1	1162	0.8235831075464864	False
15	H	0	7513	1	1162	0.2824645756034475	False
15	I	0	7513	1	1162	0.2824645756034475	False
15	N	0	7513	1	1162	0.2824645756034475	False
15	S	1	7513	0	1162	0.2824645756034475	False
15	Y	7506	7513	1158	1162	0.07262987143975123	False
16	H	7502	7524	1159	1163	0.9911794550038331	False
16	L	8	7524	0	1163	0.5530791794038752	False
16	N	0	7524	1	1163	0.2822664764963768	False
16	P	9	7524	2	1163	0.9806747219100987	False
16	Q	2	7524	0	1163	0.6295794122367933	False
16	S	1	7524	0	1163	0.2822664764963768	False
16	Y	2	7524	1	1163	0.8675225391125231	False
17	C	167	7724	8	1185	0.0008931384887691227	False
17	G	3	7724	0	1185	0.8636848638622574	False
17	I	6	7724	0	1185	0.7200015889002451	False
17	K	1	7724	0	1185	0.2798081524300416	False
17	N	1641	7724	312	1185	9.584773995644188e-05	False
17	R	5	7724	0	1185	0.8278724122885733	False
17	S	5726	7724	852	1185	0.1110395855599011	False
17	T	175	7724	13	1185	0.012501874423661019	False
18	D	3	7518	3	1166	0.04239991492827542	False
18	H	0	7518	1	1166	0.2833760482656538	False
18	I	5	7518	0	1166	0.8221162406153342	False
18	K	0	7518	1	1166	0.2833760482656538	False
18	L	1	7518	0	1166	0.2833760482656538	False
18	N	7504	7518	1160	1166	0.0645900169020424	False
18	S	2	7518	0	1166	0.6311571258523161	False
18	T	1	7518	0	1166	0.2833760482656538	False
18	Y	2	7518	1	1166	0.8692509007414417	False
19	*	10	7525	2	1165	0.9265401306782756	False
19	G	1	7525	0	1165	0.2827876422882867	False
19	L	1	7525	0	1165	0.2827876422882867	False
19	R	1	7525	0	1165	0.2827876422882867	False
19	W	7512	7525	1163	1165	0.7106831346370408	False
20	E	1	7628	0	1198	0.28751715470971967	False
20	G	6	7628	1	1198	0.6192280316576881	False
20	I	1	7628	0	1198	0.28751715470971967	False
20	K	484	7628	108	1198	0.0007453380722337342	False
20	R	7133	7628	1088	1198	0.0007585308137709482	False
20	S	3	7628	0	1198	0.8756817983396719	False
20	T	0	7628	1	1198	0.28751715470971967	False
21	A	7246	7569	1119	1167	0.8686878655990872	False
21	G	2	7569	0	1167	0.6283972366016639	False
21	M	1	7569	0	1167	0.28143578626217414	False
21	P	1	7569	0	1167	0.28143578626217414	False
21	S	97	7569	14	1167	0.9266311252356918	False
21	T	221	7569	34	1167	0.9351139389817282	False
21	V	1	7569	0	1167	0.28143578626217414	False
22	I	75	7603	5	1167	0.08884748160390223	False
22	L	30	7603	2	1167	0.3592779140948559	False
22	M	7488	7603	1158	1167	0.062305815617374416	False
22	R	6	7603	1	1167	0.6309865772831205	False
22	T	3	7603	0	1167	0.8639318461031971	False
22	V	1	7603	1	1167	0.6263033829001903	False
23	A	7116	7679	1110	1176	0.037838050755218317	False
23	D	1	7679	0	1176	0.2792248223445791	False
23	G	8	7679	1	1176	0.7645747958460904	False
23	H	1	7679	0	1176	0.2792248223445791	False
23	L	1	7679	0	1176	0.2792248223445791	False
23	P	3	7679	0	1176	0.8627728562365262	False
23	S	14	7679	3	1176	0.8623946756345926	False
23	T	18	7679	4	1176	0.7160558357630669	False
23	V	517	7679	58	1176	0.023200678078960625	False
24	A	36	7704	5	1176	0.9741119332388519	False
24	D	43	7704	10	1176	0.31323877002080003	False
24	G	244	7704	31	1176	0.37402093535591985	False
24	H	2	7704	2	1176	0.15226772836758362	False
24	K	1	7704	0	1176	0.27816170177904054	False
24	N	531	7704	64	1176	0.07341824985337299	False
24	R	10	7704	0	1176	0.4416119670279449	False
24	S	6833	7704	1064	1176	0.07769091496014431	False
24	T	4	7704	0	1176	0.9650126716984656	False
25	D	7246	7680	1094	1177	0.06547225716999974	False
25	E	418	7680	82	1177	0.041157639566318	False
25	K	1	7680	0	1177	0.279460466006529	False
25	N	14	7680	1	1177	0.7072401686722143	False
25	V	1	7680	0	1177	0.279460466006529	False
26	C	2	7611	0	1166	0.6254119333607124	False
26	F	7578	7611	1160	1166	0.8801215101359023	False
26	L	7	7611	1	1166	0.6486417588745639	False
26	S	1	7611	0	1166	0.27934079259916	False
26	V	1	7611	0	1166	0.27934079259916	False
26	Y	22	7611	5	1166	0.604072252992073	False
27	D	11	7630	1	1166	0.9383965460607777	False
27	G	47	7630	2	1166	0.09142450205268952	False
27	H	10	7630	3	1166	0.5249399182461425	False
27	I	1	7630	0	1166	0.27852503613760327	False
27	K	4	7630	0	1166	0.9644258145172899	False
27	N	7515	7630	1156	1166	0.10683870334191942	False
27	Q	1	7630	0	1166	0.27852503613760327	False
27	S	39	7630	4	1166	0.5884899889176962	False
27	T	1	7630	0	1166	0.27852503613760327	False
27	Y	1	7630	0	1166	0.27852503613760327	False
28	I	1085	7663	92	1164	6.513517387733855e-09	False
28	L	6539	7663	1070	1164	1.6337512970593374e-09	False
28	M	33	7663	2	1164	0.28964497082338553	False
28	P	5	7663	0	1164	0.8331450989115512	False
28	V	1	7663	0	1164	0.2765549121509	False
29	L	1	7610	0	1163	0.2785408122482379	False
29	P	7605	7610	1163	1163	0.8299222603276186	False
29	S	3	7610	0	1163	0.8617026866485514	False
29	T	1	7610	0	1163	0.2785408122482379	False
30	A	111	7624	16	1164	0.9324254360708706	False
30	H	3	7624	0	1164	0.8612017760226774	False
30	L	3	7624	1	1164	0.9649165522205964	False
30	P	7453	7624	1137	1164	0.9536275224492401	False
30	Q	2	7624	1	1164	0.8612017760226774	False
30	S	50	7624	8	1164	0.9435199122965309	False
30	T	1	7624	1	1164	0.6238138480604871	False
30	Y	1	7624	0	1164	0.2782209143846506	False
31	A	1	7848	0	1201	0.2789852793760712	False
31	E	2	7848	0	1201	0.6249047948691258	False
31	G	0	7848	1	1201	0.2789852793760712	False
31	I	1836	7848	380	1201	7.622687216206106e-10	False
31	K	1	7848	0	1201	0.2789852793760712	False
31	L	3	7848	0	1201	0.862397697655695	False
31	M	7	7848	7	1201	0.00025274719035452	False
31	R	1	7848	0	1201	0.2789852793760712	False
31	V	5997	7848	813	1201	8.78648640657618e-11	False
32	A	2	7692	0	1171	0.6224684484770988	False
32	D	1	7692	0	1171	0.2772789807208441	False
32	G	2	7692	1	1171	0.8597256905372612	False
32	I	543	7692	58	1171	0.009099899521795084	False
32	L	7	7692	0	1171	0.6352127951194054	False
32	V	7137	7692	1112	1171	0.007558105329494758	False
33	A	7604	7614	1162	1164	0.9380474775244302	False
33	G	1	7614	0	1164	0.27865006283982996	False
33	P	1	7614	0	1164	0.27865006283982996	False
33	S	2	7614	0	1164	0.624426439879701	False
33	T	6	7614	2	1164	0.6469304868273752	False
34	E	0	7631	1	1171	0.2798827710498396	False
34	K	7523	7631	1132	1171	3.492906434273003e-06	False
34	N	3	7631	0	1171	0.8638017332759544	False
34	R	104	7631	38	1171	3.557608781288146e-06	False
34	T	1	7631	0	1171	0.2798827710498396	False
35	*	1	7633	0	1170	0.2795171161257324	False
35	D	2	7633	2	1170	0.15370012241293507	False
35	E	7572	7633	1156	1170	0.22763849544389972	False
35	K	21	7633	4	1170	0.9167048561692169	False
35	Q	36	7633	8	1170	0.46205815240932746	False
35	Y	1	7633	0	1170	0.2795171161257324	False
36	I	7613	7620	1163	1165	0.7631236026901439	False
36	K	1	7620	0	1165	0.27867331650968663	False
36	L	2	7620	0	1165	0.6244596271355116	False
36	M	2	7620	1	1165	0.8619100722531687	False
36	V	2	7620	1	1165	0.8619100722531687	False
37	A	1	7647	0	1165	0.277517335972919	False
37	I	301	7647	30	1165	0.028279165351959953	False
37	L	1	7647	0	1165	0.277517335972919	False
37	M	2	7647	0	1165	0.6228090065543654	False
37	Q	1	7647	0	1165	0.277517335972919	False
37	V	7341	7647	1135	1165	0.022241966749073534	False
38	A	7604	7636	1161	1164	0.5722862372253046	False
38	K	2	7636	1	1164	0.8603966956304987	False
38	N	12	7636	0	1164	0.3538847849944641	False
38	P	2	7636	0	1164	0.6230799435647061	False
38	S	5	7636	0	1164	0.8312742770094866	False
38	T	4	7636	0	1164	0.9657464302365862	False
38	V	7	7636	2	1164	0.7605806797948609	False
39	C	911	7718	120	1177	0.11957516426874755	False
39	G	3	7718	3	1177	0.03975962327999794	False
39	H	0	7718	1	1177	0.27784618100847136	False
39	I	2	7718	1	1177	0.860614568111758	False
39	M	23	7718	0	1177	0.11707381596448264	False
39	N	103	7718	28	1177	0.00827091445559081	False
39	Q	1	7718	0	1177	0.27784618100847136	False
39	R	20	7718	9	1177	0.010483081785129146	False
39	S	6649	7718	1014	1177	0.9653258223163652	False
39	T	5	7718	1	1177	0.7231459933603741	False
39	W	1	7718	0	1177	0.27784618100847136	False
40	C	7626	7631	1163	1163	0.8313825991097225	False
40	G	1	7631	0	1163	0.27764018847435384	False
40	R	3	7631	0	1163	0.8602920131245613	False
40	Y	1	7631	0	1163	0.27764018847435384	False
41	A	1	7665	0	1180	0.2809355112305039	False
41	D	7549	7665	1143	1180	0.00011391812761480398	False
41	E	5	7665	2	1180	0.5289733480402069	False
41	G	5	7665	0	1180	0.8260503708537426	False
41	N	102	7665	35	1180	3.985920393590232e-05	False
41	S	2	7665	0	1180	0.6276848662996488	False
41	V	1	7665	0	1180	0.2809355112305039	False
42	E	1	7644	0	1169	0.278765956820038	False
42	I	1	7644	0	1169	0.278765956820038	False
42	K	7611	7644	1163	1169	0.8771025482436894	False
42	N	2	7644	0	1169	0.6245918349454893	False
42	Q	1	7644	0	1169	0.278765956820038	False
42	R	28	7644	6	1169	0.6159772765478636	False
43	*	2	7633	0	1164	0.6232632965733687	False
43	C	7630	7633	1164	1164	0.8605978414487208	False
43	G	1	7633	0	1164	0.27783536943971676	False
44	*	1	7637	0	1165	0.27794479421706936	False
44	H	4	7637	1	1165	0.8308886215179918	False
44	K	2	7637	0	1165	0.6234195731152845	False
44	P	4	7637	0	1165	0.9653624077102226	False
44	Q	7626	7637	1164	1165	0.9400163848652778	False
45	A	2	7747	2	1178	0.15093836894587406	False
45	E	1	7747	0	1178	0.27689895427701733	False
45	G	4	7747	0	1178	0.9670530619098388	False
45	I	465	7747	31	1178	3.5428779304379946e-06	False
45	K	1	7747	1	1178	0.621925320032323	False
45	L	6688	7747	1063	1178	0.00026166182281354137	False
45	M	5	7747	1	1178	0.7246683850550191	False
45	P	1	7747	0	1178	0.27689895427701733	False
45	Q	156	7747	27	1178	0.604666646164447	False
45	R	6	7747	1	1178	0.6358131907346447	False
45	S	5	7747	2	1178	0.5198773928984647	False
45	T	4	7747	2	1178	0.3929351980665102	False
45	V	409	7747	48	1178	0.0935669232604029	False
46	K	7627	7636	1164	1167	0.43863967257889813	False
46	Q	2	7636	1	1167	0.8617144113697561	False
46	R	6	7636	2	1167	0.6466787084125524	False
46	T	1	7636	0	1167	0.27854834437307396	False
47	E	9	7644	2	1167	0.9694209043120874	False
47	G	7622	7644	1164	1167	0.9111793102975072	False
47	K	4	7644	0	1167	0.9649407690820919	False
47	R	9	7644	1	1167	0.8698628014794564	False
48	D	3	7650	1	1166	0.9658071273021708	False
48	E	7619	7650	1162	1166	0.9485446255313376	False
48	G	5	7650	1	1166	0.7234285278943343	False
48	K	15	7650	2	1166	0.8569234128136166	False
48	Q	7	7650	0	1166	0.6345966139932345	False
48	V	1	7650	0	1166	0.27766948073138487	False
49	A	7600	7640	1150	1167	0.0004537175429232662	False
49	E	1	7640	0	1167	0.27837710583646397	False
49	G	0	7640	2	1167	0.009995833070700724	False
49	P	31	7640	13	1167	0.002948092054466048	False
49	S	3	7640	1	1167	0.9646645810052061	False
49	T	2	7640	1	1167	0.8614463131906256	False
49	V	3	7640	0	1167	0.8614463131906256	False
50	I	755	7772	191	1195	7.172199665151476e-11	False
50	K	0	7772	1	1195	0.2805320507937444	False
50	L	71	7772	15	1195	0.3325900405608612	False
50	M	6805	7772	948	1195	1.4295968275559552e-14	False
50	R	12	7772	5	1195	0.11046727181723957	False
50	S	1	7772	0	1195	0.2805320507937444	False
50	T	119	7772	25	1195	0.189355151825485	False
50	V	9	7772	10	1195	2.495155736227548e-06	False
51	D	3	7645	1	1169	0.9641062898616576	False
51	H	7626	7645	1160	1169	0.00755970204063729	False
51	L	1	7645	0	1169	0.27872316768199473	False
51	N	2	7645	0	1169	0.6245307721870778	False
51	P	2	7645	1	1169	0.8619880330427951	False
51	Q	7	7645	1	1169	0.6471119423465493	False
51	R	1	7645	2	1169	0.060606321167686786	False
51	S	2	7645	0	1169	0.6245307721870778	False
51	Y	1	7645	4	1169	0.00018288782490929778	True
52	E	2	7642	0	1165	0.6231141761600226	False
52	G	7627	7642	1163	1165	0.8571397492837378	False
52	M	0	7642	1	1165	0.27773096488437976	False
52	R	12	7642	1	1165	0.8571919857680161	False
52	V	1	7642	0	1165	0.27773096488437976	False
53	*	1	7643	0	1168	0.2785288256990386	False
53	E	1	7643	1	1168	0.6242534042154646	False
53	H	19	7643	1	1168	0.44725526182553865	False
53	K	7	7643	2	1168	0.7627435653484743	False
53	P	2	7643	0	1168	0.6242534042154646	False
53	Q	7611	7643	1164	1168	0.8933490405901765	False
53	R	2	7643	0	1168	0.6242534042154646	False
54	A	1	7654	0	1173	0.2794560848897193	False
54	G	1	7654	1	1173	0.6255763682106037	False
54	I	54	7654	17	1173	0.013137583151533863	False
54	L	3	7654	0	1173	0.8631346071398425	False
54	T	1	7654	0	1173	0.2794560848897193	False
54	V	7594	7654	1155	1173	0.01682787470574342	False
55	D	7621	7645	1162	1168	0.4110528219654539	False
55	E	0	7645	2	1168	0.010004181995902112	False
55	G	4	7645	1	1168	0.8300807183950532	False
55	N	20	7645	2	1168	0.7935463699063705	False
55	S	0	7645	1	1168	0.2784432709993692	False
56	A	1	7645	2	1167	0.06030680149271664	False
56	C	7617	7645	1160	1167	0.35143972926425326	False
56	G	3	7645	0	1167	0.8611113970572397	False
56	R	2	7645	1	1167	0.8611113970572397	False
56	S	11	7645	1	1167	0.9394065575289117	False
56	W	1	7645	0	1167	0.27816323809827304	False
56	Y	10	7645	3	1167	0.5238896744248192	False
57	G	73	7679	7	1169	0.30862260236561123	False
57	H	8	7679	0	1169	0.5607114899852914	False
57	N	131	7679	4	1169	0.0006359839103436312	False
57	R	6	7679	0	1169	0.72406580461361	False
57	S	7460	7679	1157	1169	0.00038829005983612576	False
57	T	1	7679	1	1169	0.6224600286337825	False
58	L	2	7641	0	1166	0.6235756410032469	False
58	P	7636	7641	1165	1166	0.7228109461644768	False
58	S	2	7641	1	1166	0.8609404456300895	False
58	T	1	7641	0	1166	0.278054083687609	False
59	A	2	7669	1	1171	0.8612585715559716	False
59	D	1	7669	0	1171	0.27825725499719445	False
59	E	71	7669	19	1171	0.03979180590540387	False
59	G	7584	7669	1150	1171	0.06264565363490239	False
59	R	11	7669	1	1171	0.9391444698109059	False
60	I	7470	7671	1140	1177	0.3489958252555909	False
60	K	1	7671	0	1177	0.2798444707892068	False
60	L	19	7671	5	1177	0.431331180775406	False
60	M	94	7671	16	1177	0.8064294865922768	False
60	T	1	7671	2	1177	0.06120869838961484	False
60	V	86	7671	14	1177	0.9533461232698563	False
61	*	1	7641	0	1166	0.278054083687609	False
61	R	1	7641	1	1166	0.6235756410032469	False
61	W	7639	7641	1165	1166	0.8609404456300895	False
62	*	0	7643	1	1166	0.27796856028726125	False
62	H	4	7643	0	1166	0.9653240741043704	False
62	K	1	7643	0	1166	0.27796856028726125	False
62	Q	7634	7643	1165	1166	0.8692150083712737	False
62	R	4	7643	0	1166	0.9653240741043704	False
63	F	2	7658	0	1179	0.6277155963194717	False
63	I	40	7658	30	1179	1.1188257425306741e-12	False
63	L	7606	7658	1142	1179	1.2013697979426379e-14	False
63	M	4	7658	1	1179	0.8260154586165851	False
63	Q	1	7658	0	1179	0.2809570874345489	False
63	V	5	7658	6	1179	0.0003463439609279994	False
64	A	1	7644	0	1165	0.27764548928340327	False
64	D	7631	7644	1165	1165	0.317811709281687	False
64	G	2	7644	0	1165	0.622992081051565	False
64	H	2	7644	0	1165	0.622992081051565	False
64	N	8	7644	0	1165	0.5601389216422483	False
65	C	7635	7643	1163	1165	0.8684499948863982	False
65	G	3	7643	2	1165	0.26811332627959306	False
65	V	1	7643	0	1165	0.27768822307647867	False
65	W	2	7643	0	1165	0.6230531240599282	False
65	Y	2	7643	0	1165	0.6230531240599282	False
66	A	1	7641	8	1173	6.09620458663984e-10	True
66	I	2	7641	12	1173	3.23269384758939e-14	True
66	K	0	7641	4	1173	1.2452757649766935e-05	True
66	T	7637	7641	1149	1173	3.089873198704918e-28	False
66	V	1	7641	0	1173	0.28001284903605395	False
67	H	7636	7640	1165	1165	0.9655696468967477	False
67	P	1	7640	0	1165	0.27781647255274766	False
67	R	1	7640	0	1165	0.27781647255274766	False
67	Y	2	7640	0	1165	0.6232363076444111	False
68	*	0	7655	1	1173	0.2794133128554156	False
68	A	9	7655	0	1173	0.4941710187169064	False
68	E	9	7655	0	1173	0.4941710187169064	False
68	F	4	7655	2	1173	0.39782240600825947	False
68	I	18	7655	1	1173	0.48816454757321825	False
68	L	7487	7655	1151	1173	0.5529946352547672	False
68	M	9	7655	0	1173	0.4941710187169064	False
68	S	7	7655	0	1173	0.6318548910544303	False
68	T	2	7655	1	1173	0.863067717847046	False
68	V	110	7655	17	1173	0.921375976532774	False
69	*	2	7655	0	1170	0.6243197656330133	False
69	D	2	7655	2	1170	0.152703985115806	False
69	E	7631	7655	1163	1170	0.20477026305845458	False
69	G	3	7655	0	1170	0.8617565897079122	False
69	K	16	7655	2	1170	0.9370038430395405	False
69	Q	0	7655	3	1170	0.00034395110152439913	False
69	V	1	7655	0	1170	0.27857531928803114	False
70	A	1	7673	0	1183	0.2814264808477313	False
70	D	9	7673	2	1183	0.9783501634854729	False
70	E	80	7673	12	1183	0.9483011985406271	False
70	G	7547	7673	1158	1183	0.29625044048388055	False
70	K	3	7673	0	1183	0.8662122391690074	False
70	N	15	7673	1	1183	0.6392456941478184	False
70	R	15	7673	10	1183	0.0002869947197650103	False
70	S	3	7673	0	1183	0.8662122391690074	False
71	E	2	7669	0	1174	0.6250601570964676	False
71	H	3	7669	0	1174	0.8625685218162057	False
71	I	1	7669	0	1174	0.27909418259210017	False
71	K	7558	7669	1162	1174	0.3054674243450593	False
71	N	7	7669	1	1174	0.648031400856107	False
71	Q	67	7669	2	1174	0.01767572860563996	False
71	R	30	7669	8	1174	0.23948405537002365	False
71	T	1	7669	1	1174	0.6250601570964676	False
72	A	5	7958	2	1248	0.5427526162943842	False
72	C	4	7958	0	1248	0.9507768936701746	False
72	D	3	7958	0	1248	0.8749326630328413	False
72	F	2	7958	0	1248	0.6363481140036391	False
72	G	0	7958	1	1248	0.2870343500660571	False
72	I	5201	7958	931	1248	1.4982611721728415e-10	False
72	K	2	7958	0	1248	0.6363481140036391	False
72	L	2	7958	2	1248	0.1617567260882687	False
72	N	8	7958	3	1248	0.3739726057228214	False
72	P	1	7958	0	1248	0.2870343500660571	False
72	R	2	7958	0	1248	0.6363481140036391	False
72	S	9	7958	0	1248	0.48298879666287153	False
72	T	68	7958	1	1248	0.005564429179708233	False
72	V	2651	7958	308	1248	1.5519955605878848e-09	False
73	F	3	7669	0	1170	0.8608212104098503	False
73	I	7575	7669	1157	1170	0.8490023960533309	False
73	L	1	7669	0	1170	0.27797800839783504	False
73	M	1	7669	0	1170	0.27797800839783504	False
73	V	89	7669	13	1170	0.9996418773175344	False
74	F	1	7654	1	1194	0.6338724683550931	False
74	I	295	7654	52	1194	0.45374064683065773	False
74	L	7283	7654	1064	1194	7.918289448289069e-17	False
74	M	42	7654	73	1194	3.1247650895371867e-55	False
74	P	2	7654	1	1194	0.8722238986340867	False
74	R	1	7654	0	1194	0.285288212243867	False
74	V	30	7654	3	1194	0.6265660223987559	False
75	A	3	7648	0	1172	0.8630994295108422	False
75	I	5	7648	8	1172	2.357678850301061e-06	False
75	L	2	7648	0	1172	0.6255442719090787	False
75	M	7	7648	4	1172	0.07003772876785354	False
75	T	1	7648	0	1172	0.27943357978985345	False
75	V	7630	7648	1160	1172	5.162024388696894e-05	False
76	A	7639	7651	1166	1167	0.856703530672933	False
76	G	6	7651	0	1167	0.7230474184368821	False
76	P	2	7651	0	1167	0.6233654011299308	False
76	S	1	7651	0	1167	0.2779068611134289	False
76	T	3	7651	0	1167	0.8607098003263365	False
76	V	0	7651	1	1167	0.2779068611134289	False
77	A	45	7659	5	1169	0.6390372723248241	False
77	G	0	7659	1	1169	0.27812495975548135	False
77	I	24	7659	2	1169	0.584806662786584	False
77	V	7590	7659	1161	1169	0.5667555672846025	False
78	H	7641	7646	1166	1167	0.7227044714810941	False
78	P	1	7646	0	1167	0.2781204885880926	False
78	Q	1	7646	0	1167	0.2781204885880926	False
78	R	2	7646	1	1167	0.8610444413535144	False
78	Y	1	7646	0	1167	0.2781204885880926	False
79	A	22	7657	0	1178	0.1265012801609594	False
79	G	1	7657	0	1178	0.2807215784655839	False
79	I	20	7657	26	1178	3.7018126493527075e-17	False
79	L	1	7657	0	1178	0.2807215784655839	False
79	T	0	7657	1	1178	0.2807215784655839	False
79	V	7613	7657	1151	1178	2.3620000115885898e-09	False
80	A	7613	7651	1162	1170	0.5421392666252067	False
80	G	1	7651	0	1170	0.27874626687471293	False
80	P	1	7651	0	1170	0.27874626687471293	False
80	S	35	7651	6	1170	0.9772310212163753	False
80	V	1	7651	2	1170	0.06061871801141951	False
81	G	2	7654	0	1167	0.6231824738689067	False
81	N	1	7654	1	1167	0.6231824738689067	False
81	R	15	7654	0	1167	0.25753934383326826	False
81	S	7636	7654	1166	1167	0.49201751719702747	False
82	E	4	7651	1	1167	0.8309503014502115	False
82	G	7626	7651	1165	1167	0.5415506023299899	False
82	K	1	7651	0	1167	0.2779068611134289	False
82	R	20	7651	1	1167	0.4095131608316338	False
83	*	2	7647	0	1168	0.6240092000791042	False
83	C	0	7647	2	1168	0.009993396923758746	False
83	F	3	7647	0	1168	0.8614159863118191	False
83	H	1	7647	0	1168	0.2783577483368764	False
83	Y	7641	7647	1166	1168	0.6462066069719384	False
84	F	1	7710	0	1182	0.2795720557355903	False
84	I	7252	7710	1128	1182	0.06903074447699262	False
84	L	107	7710	15	1182	0.8472679656834121	False
84	M	282	7710	22	1182	0.0020783235062854103	False
84	T	1	7710	1	1182	0.6257417540929412	False
84	V	67	7710	16	1182	0.14677681250676333	False
85	A	1	7651	0	1166	0.2776267870974778	False
85	E	7642	7651	1166	1166	0.4968221559397641	False
85	K	8	7651	0	1166	0.5601678170088232	False
86	A	7642	7650	1166	1167	0.7612192419389273	False
86	E	1	7650	0	1167	0.277949570604921	False
86	T	6	7650	0	1167	0.7229788448098573	False
86	V	1	7650	1	1167	0.6234263950247563	False
87	*	1	7654	0	1166	0.2774987541767888	False
87	D	9	7654	2	1166	0.9674551638907615	False
87	E	7635	7654	1164	1166	0.8586032623273734	False
87	K	8	7654	0	1166	0.560364368178097	False
87	Q	1	7654	0	1166	0.2774987541767888	False
88	D	3	7665	0	1169	0.8606505507508898	False
88	I	227	7665	13	1169	0.0004210235284093096	False
88	L	6	7665	1	1169	0.6342827019777033	False
88	S	1	7665	0	1169	0.2778690640880128	False
88	T	1	7665	0	1169	0.2778690640880128	False
88	V	7427	7665	1155	1169	0.000378185921999449	False
89	F	1	7655	0	1168	0.27801597773591796	False
89	I	7614	7655	1165	1168	0.29986503021164634	False
89	L	15	7655	2	1168	0.8581427463613596	False
89	M	7	7655	0	1168	0.6340512185737825	False
89	S	2	7655	0	1168	0.623521227512865	False
89	V	16	7655	1	1168	0.5908554160842394	False
90	A	19	7680	4	1184	0.7928973934159862	False
90	L	2	7680	2	1184	0.1557057605957785	False
90	P	7544	7680	1148	1184	0.004582743004384277	False
90	Q	4	7680	0	1184	0.9597893365923702	False
90	S	104	7680	29	1184	0.005835501954291984	False
90	T	7	7680	1	1184	0.6537550891917732	False
91	A	7289	7681	1142	1174	0.0005007371312074229	False
91	E	42	7681	6	1174	0.9536681413758454	False
91	G	11	7681	0	1174	0.3938659925286607	False
91	N	2	7681	1	1174	0.8617680620897888	False
91	P	2	7681	0	1174	0.6243302871142105	False
91	R	0	7681	1	1174	0.2785826900430155	False
91	S	58	7681	5	1174	0.2875280802549529	False
91	T	274	7681	16	1174	0.00011137588713065894	False
91	V	3	7681	3	1174	0.04010484441370236	False
92	A	0	7656	4	1197	1.5051917731042868e-05	False
92	D	6	7656	0	1197	0.7100962066691177	False
92	E	7641	7656	1112	1197	8.914465518073432e-97	False
92	G	3	7656	5	1197	0.00040628692431817154	True
92	K	4	7656	3	1197	0.08582203062655891	False
92	L	0	7656	1	1197	0.2860302353990859	False
92	Q	1	7656	71	1197	3.618399678337729e-98	True
92	V	1	7656	1	1197	0.6349249581584613	True
93	A	3	7651	0	1169	0.8615864040604748	False
93	I	5	7651	0	1169	0.8300429889672991	False
93	K	1	7651	0	1169	0.2784666009678014	False
93	N	14	7651	3	1169	0.8597280585261904	False
93	P	1	7651	1	1169	0.6241645863191416	False
93	S	17	7651	5	1169	0.3186218391366726	False
93	T	7610	7651	1160	1169	0.4333820765775095	False
94	A	0	7650	2	1167	0.009942026615428123	False
94	E	1	7650	0	1167	0.277949570604921	False
94	G	7642	7650	1164	1167	0.3526227303933839	False
94	R	6	7650	1	1167	0.6341556239555918	False
94	V	1	7650	0	1167	0.277949570604921	False
95	*	2	7652	0	1180	0.6284780455011356	False
95	A	1	7652	2	1180	0.06209981882083854	False
95	E	1	7652	0	1180	0.28149254874355284	False
95	H	10	7652	1	1180	0.9785331539033907	False
95	K	1	7652	17	1180	1.4451040997232066e-22	True
95	N	2	7652	2	1180	0.15579930877411993	False
95	P	10	7652	2	1180	0.9301357613496821	False
95	Q	7610	7652	1150	1180	4.691526121512429e-12	False
95	R	7	7652	5	1180	0.013913563707996353	False
95	S	8	7652	0	1180	0.5542600907702322	False
95	T	0	7652	1	1180	0.28149254874355284	False
96	A	15	7664	1	1170	0.6476674881736701	False
96	D	90	7664	17	1170	0.5040230468627738	False
96	E	7548	7664	1149	1170	0.5496365927330293	False
96	G	2	7664	0	1170	0.6237713603404128	False
96	I	1	7664	0	1170	0.27819115432878105	False
96	K	6	7664	0	1170	0.7225914000814573	False
96	N	1	7664	3	1170	0.003650954295086005	False
96	S	1	7664	0	1170	0.27819115432878105	False
97	A	47	7658	139	1218	9.140567611080906e-131	True
97	I	2	7658	0	1218	0.6429548103753566	False
97	P	1	7658	1	1218	0.6429548103753566	False
97	S	3	7658	2	1218	0.29000202143306464	False
97	T	7605	7658	1074	1218	2.2837930800558503e-131	False
97	V	0	7658	2	1218	0.011774004286953353	False
98	A	7632	7649	1165	1167	0.9918428570589605	False
98	D	1	7649	0	1167	0.27799228809611665	False
98	E	1	7649	0	1167	0.27799228809611665	False
98	G	9	7649	1	1167	0.8692797501383867	False
98	P	2	7649	0	1167	0.6234873979938959	False
98	R	1	7649	0	1167	0.27799228809611665	False
98	T	3	7649	1	1167	0.9652858034645789	False
99	*	1	7660	0	1169	0.27808229053776745	False
99	C	1	7660	0	1169	0.27808229053776745	False
99	F	55	7660	8	1169	0.9528455128477477	False
99	G	1	7660	0	1169	0.27808229053776745	False
99	H	18	7660	5	1169	0.3701907928667153	False
99	L	1	7660	0	1169	0.27808229053776745	False
99	Y	7583	7660	1156	1169	0.8552440527428953	False
100	C	2	7647	0	1166	0.6232093667857012	False
100	F	7626	7647	1160	1166	0.27279206040809756	False
100	H	0	7647	1	1166	0.2777976096423612	False
100	L	2	7647	0	1166	0.6232093667857012	False
100	S	2	7647	1	1166	0.8605386450444488	False
100	Y	15	7647	4	1166	0.5038239539942044	False
101	F	16	7891	4	1200	0.569518136526096	False
101	I	3548	7891	662	1200	4.917056790000145e-11	False
101	L	4200	7891	520	1200	2.0350657940320407e-10	False
101	M	9	7891	0	1200	0.4978705885673349	False
101	P	3	7891	0	1200	0.8591742132788099	False
101	T	2	7891	0	1200	0.621966276744963	False
101	V	113	7891	14	1200	0.5500685370825854	False
102	F	14	7660	0	1166	0.2864146994116153	False
102	I	1	7660	0	1166	0.2772429040688302	False
102	L	7644	7660	1166	1166	0.23305078642610916	False
102	P	1	7660	0	1166	0.2772429040688302	False
103	*	2	7685	0	1170	0.6224945929333339	False
103	I	1	7685	0	1170	0.27729727747923116	False
103	K	7561	7685	1159	1170	0.1045621771246614	False
103	N	2	7685	0	1170	0.6224945929333339	False
103	Q	1	7685	0	1170	0.27729727747923116	False
103	R	118	7685	11	1170	0.14643679821360492	False
104	F	2	7649	0	1166	0.6230873480589803	False
104	I	4	7649	1	1166	0.8312660247276196	False
104	L	7637	7649	1164	1166	0.7811810797943014	False
104	M	1	7649	1	1166	0.6230873480589803	False
104	S	1	7649	0	1166	0.2777121823654898	False
104	V	4	7649	0	1166	0.9657381464500978	False
105	A	7644	7649	1165	1166	0.7233599392574634	False
105	S	2	7649	0	1166	0.6230873480589803	False
105	T	0	7649	1	1166	0.2777121823654898	False
105	V	3	7649	0	1166	0.8604047848828064	False
106	A	105	7659	26	1169	0.03422746301182348	False
106	E	6	7659	0	1169	0.7226975248374227	False
106	G	7543	7659	1143	1169	0.09463629224897811	False
106	R	5	7659	0	1169	0.8305967769789017	False
107	G	2	7648	0	1167	0.6235484100395949	False
107	I	1	7648	0	1167	0.27803501358903254	False
107	K	2	7648	1	1167	0.8609105574510749	False
107	R	7642	7648	1166	1167	0.6340210970523441	False
107	S	1	7648	0	1167	0.27803501358903254	False
108	*	5	7649	0	1166	0.8312660247276196	False
108	G	3	7649	0	1166	0.8604047848828064	False
108	W	7641	7649	1166	1166	0.5600367502303689	False
109	A	3	7652	0	1166	0.8602040633601904	False
109	L	6	7652	0	1166	0.7235656815191882	False
109	P	7639	7652	1166	1166	0.31788995439585105	False
109	R	1	7652	0	1166	0.2775841014617529	False
109	S	3	7652	0	1166	0.8602040633601904	False
110	A	3	7654	0	1166	0.8600702947988986	False
110	E	2	7654	0	1166	0.6227824600574132	False
110	G	1	7654	0	1166	0.2774987541767888	False
110	I	21	7654	2	1166	0.738959673458946	False
110	L	1	7654	0	1166	0.2774987541767888	False
110	T	1	7654	0	1166	0.2774987541767888	False
110	V	7625	7654	1164	1166	0.3959047773291875	False
111	A	67	7776	5	1182	0.1619202631384581	False
111	E	3	7776	3	1182	0.03926611225562625	False
111	G	1	7776	0	1182	0.2767859698968551	False
111	H	3	7776	0	1182	0.8589523320696036	False
111	I	1	7776	0	1182	0.2767859698968551	False
111	K	6795	7776	1030	1182	0.8508738691977822	False
111	M	1	7776	0	1182	0.2767859698968551	False
111	N	30	7776	2	1182	0.36744687833656187	False
111	P	1	7776	0	1182	0.2767859698968551	False
111	Q	84	7776	22	1182	0.030070246576332782	False
111	R	278	7776	39	1182	0.6940633881905237	False
111	S	3	7776	1	1182	0.967235961696176	False
111	T	509	7776	80	1182	0.8223994732376494	False
112	A	356	7816	87	1224	0.00015929649897756734	False
112	C	1	7816	0	1224	0.2865667398090798	False
112	G	1	7816	0	1224	0.2865667398090798	False
112	I	486	7816	111	1224	0.00024058947031133955	False
112	K	18	7816	5	1224	0.3977508818427483	False
112	L	1	7816	1	1224	0.6356855121450051	False
112	M	37	7816	9	1224	0.3263780647206501	False
112	P	3	7816	0	1224	0.8742079427833271	False
112	Q	1	7816	0	1224	0.2865667398090798	False
112	R	29	7816	8	1224	0.23052618413218168	False
112	S	8	7816	11	1224	1.0316451974738554e-07	False
112	T	6636	7816	938	1224	3.9905338982877453e-13	False
112	V	239	7816	54	1224	0.016379131967667958	False
113	I	6903	7769	1059	1189	0.8662971254544827	False
113	L	30	7769	21	1189	1.3226433963366106e-08	False
113	M	1	7769	1	1189	0.6249395811328479	False
113	T	4	7769	0	1189	0.9636450982460206	False
113	V	831	7769	108	1189	0.10096804546109353	False
114	H	7644	7650	1164	1168	0.042302043701656536	False
114	N	1	7650	0	1168	0.27822952437752657	False
114	P	1	7650	1	1168	0.623826142326918	False
114	Q	1	7650	0	1168	0.27822952437752657	False
114	R	1	7650	0	1168	0.27822952437752657	False
114	Y	2	7650	3	1168	0.015302898222368745	False
115	A	2	7648	1	1166	0.8604717103808115	False
115	I	1	7648	1	1166	0.6231483528825177	False
115	K	1	7648	0	1166	0.27775489200180953	False
115	M	0	7648	1	1166	0.27775489200180953	False
115	P	2	7648	0	1166	0.6231483528825177	False
115	S	1	7648	1	1166	0.6231483528825177	False
115	T	7641	7648	1162	1166	0.06862677551739274	False
116	A	3	7646	0	1166	0.8606055888759592	False
116	D	7641	7646	1166	1166	0.8310581285587842	False
116	G	1	7646	0	1166	0.27784033528916285	False
116	H	1	7646	0	1166	0.27784033528916285	False
117	D	1	7655	0	1166	0.27745609252352144	False
117	G	1	7655	0	1166	0.27745609252352144	False
117	H	3	7655	0	1166	0.8600034242476787	False
117	K	6	7655	0	1166	0.7237713528582461	False
117	N	7639	7655	1164	1166	0.9330023075922399	False
117	S	2	7655	1	1166	0.8600034242476787	False
117	T	1	7655	1	1166	0.622721509664621	False
117	Y	2	7655	0	1166	0.622721509664621	False
118	A	1	7648	0	1167	0.27803501358903254	False
118	D	1	7648	0	1167	0.27803501358903254	False
118	G	7644	7648	1165	1167	0.39514093082217383	False
118	R	0	7648	1	1167	0.27803501358903254	True
118	S	2	7648	1	1167	0.8609105574510749	False
119	A	21	7750	0	1212	0.1349363984265626	False
119	G	534	7750	66	1212	0.07035123496624733	False
119	K	6	7750	0	1212	0.7099664768226371	False
119	N	0	7750	1	1212	0.2861132124067012	False
119	P	1003	7750	174	1212	0.19017645501305408	False
119	R	369	7750	81	1212	0.005463022838798823	False
119	S	5333	7750	806	1212	0.11466333101659298	False
119	T	484	7750	84	1212	0.39670722359461885	False
120	D	3	7652	0	1166	0.8602040633601904	False
120	H	2	7652	0	1166	0.6229043880437918	False
120	I	1	7652	0	1166	0.2775841014617529	False
120	K	1	7652	0	1166	0.2775841014617529	False
120	N	7643	7652	1166	1166	0.49688566708726223	False
120	Q	1	7652	0	1166	0.2775841014617529	False
120	Y	1	7652	0	1166	0.2775841014617529	False
121	F	7643	7649	1164	1168	0.042326179179252	False
121	I	1	7649	0	1168	0.278272257695414	False
121	S	4	7649	0	1168	0.9648338527400707	False
121	Y	1	7649	4	1168	0.0001807582584733083	True
122	A	7	7825	2	1186	0.7556637782468429	False
122	I	1332	7825	188	1186	0.33618324513123277	False
122	N	2	7825	2	1186	0.14982726528871143	False
122	P	6	7825	0	1186	0.7263748957234402	False
122	S	4	7825	0	1186	0.9687680288688946	False
122	T	6456	7825	992	1186	0.3559410377503932	False
122	V	18	7825	2	1186	0.9301725925746442	False
123	A	1	7655	0	1166	0.27745609252352144	False
123	C	27	7655	7	1166	0.30887992604297676	False
123	G	30	7655	1	1166	0.1675934418276651	False
123	I	1	7655	0	1166	0.27745609252352144	False
123	N	1	7655	0	1166	0.27745609252352144	False
123	R	5	7655	0	1166	0.8316815886453481	False
123	S	7589	7655	1158	1166	0.6586665672027123	False
123	T	1	7655	0	1166	0.27745609252352144	False
124	A	1765	7964	342	1219	6.161768134227042e-06	False
124	D	8	7964	1	1219	0.7641226165636986	False
124	G	13	7964	2	1219	0.7083434653866347	False
124	H	4	7964	1	1219	0.8290980224606674	False
124	N	1476	7964	216	1219	0.5202404033800327	False
124	P	1	7964	0	1219	0.27905230794345104	False
124	Q	20	7964	6	1219	0.2357049590458217	False
124	R	0	7964	3	1219	0.0003476426607496977	False
124	S	141	7964	37	1219	0.004087645054893044	False
124	T	4535	7964	611	1219	9.116599661683616e-06	False
124	V	1	7964	0	1219	0.27905230794345104	False
125	A	2144	7857	358	1211	0.10655641008030659	False
125	G	1	7857	0	1211	0.28132722841680063	False
125	I	18	7857	0	1211	0.18667038088383242	False
125	K	0	7857	2	1211	0.010372681266708038	False
125	M	65	7857	9	1211	0.8955912214314073	False
125	N	2	7857	0	1211	0.6282426859441719	False
125	P	15	7857	1	1211	0.6395117259131962	False
125	Q	1	7857	1	1211	0.6282426859441719	False
125	R	1	7857	0	1211	0.28132722841680063	False
125	S	192	7857	2	1211	5.90620451089974e-07	False
125	T	5161	7857	785	1211	0.5777486340691913	False
125	V	257	7857	53	1211	0.05930242919532179	False
126	A	28	7668	6	1173	0.6164078434655671	False
126	C	1	7668	0	1173	0.2788580024637113	False
126	D	2	7668	0	1173	0.6247231831499545	False
126	F	2	7668	3	1173	0.01543705456786688	False
126	G	2	7668	0	1173	0.6247231831499545	False
126	I	7	7668	1	1173	0.6474462477052839	False
126	L	141	7668	21	1173	0.9988291502314999	False
126	M	54	7668	16	1173	0.02797313577035281	False
126	T	2	7668	0	1173	0.6247231831499545	False
126	V	7429	7668	1126	1173	0.12956004677647975	False
127	K	7598	7653	1163	1167	0.20241090115402452	False
127	R	52	7653	4	1167	0.24967446393578566	False
127	S	1	7653	0	1167	0.27782146612149505	False
127	T	2	7653	0	1167	0.6232434405542487	False
128	A	7618	7668	1159	1177	0.002452923665332793	False
128	D	1	7668	0	1177	0.27997261545826	False
128	P	0	7668	1	1177	0.27997261545826	False
128	S	0	7668	1	1177	0.27997261545826	False
128	T	43	7668	13	1177	0.04632432919003455	False
128	V	6	7668	3	1177	0.20096590884957244	False
129	A	7645	7651	1166	1166	0.7234971086477092	False
129	P	2	7651	0	1166	0.6229653656418619	False
129	S	2	7651	0	1166	0.6229653656418619	False
129	T	2	7651	0	1166	0.6229653656418619	False
130	*	1	7649	0	1166	0.2777121823654898	False
130	C	7644	7649	1166	1166	0.8312660247276196	False
130	R	1	7649	0	1166	0.2777121823654898	False
130	S	1	7649	0	1166	0.2777121823654898	False
130	W	1	7649	0	1166	0.2777121823654898	False
130	Y	1	7649	0	1166	0.2777121823654898	False
131	*	12	7653	2	1168	0.7801148302692216	False
131	G	1	7653	0	1168	0.2781013724110523	False
131	L	1	7653	0	1168	0.2781013724110523	False
131	W	7639	7653	1166	1168	0.7782577764649707	False
132	*	15	7657	1	1167	0.6490810446528525	False
132	C	1	7657	0	1167	0.27765077204543875	False
132	L	1	7657	0	1167	0.27765077204543875	False
132	R	3	7657	0	1167	0.8603085332794228	False
132	W	7637	7657	1166	1167	0.4100708195454892	False
133	A	7638	7652	1166	1167	0.7115171209968068	False
133	G	5	7652	0	1167	0.8310195623978761	False
133	P	1	7652	0	1167	0.2778641596196251	False
133	S	1	7652	0	1167	0.2778641596196251	False
133	T	6	7652	1	1167	0.6342901219540339	False
133	V	1	7652	0	1167	0.2778641596196251	False
134	A	1	7659	0	1169	0.27812495975548135	False
134	D	1	7659	1	1169	0.6236768463536152	False
134	E	16	7659	2	1169	0.9353942095614408	False
134	G	7610	7659	1157	1169	0.19452707646959339	False
134	K	6	7659	0	1169	0.7226975248374227	False
134	N	7	7659	6	1169	0.0019737454548394884	False
134	R	12	7659	2	1169	0.7800504215380037	False
134	S	5	7659	1	1169	0.7226975248374227	False
134	V	1	7659	0	1169	0.27812495975548135	False
135	I	7173	7740	1051	1183	6.455560631073251e-06	False
135	L	1	7740	1	1183	0.6243235475842213	False
135	T	1	7740	0	1183	0.27857796590421335	False
135	V	565	7740	131	1183	8.600178854100129e-06	False
136	*	1	7680	0	1176	0.2791822024828884	False
136	D	1	7680	0	1176	0.2791822024828884	False
136	E	3	7680	4	1176	0.00418206281285438	False
136	H	1	7680	0	1176	0.2791822024828884	False
136	K	7478	7680	1115	1176	2.3824414795800012e-06	False
136	M	1	7680	0	1176	0.2791822024828884	False
136	N	85	7680	19	1176	0.1728318725905832	False
136	Q	70	7680	26	1176	0.0001151451638796966	False
136	R	19	7680	3	1176	0.7909435231594633	False
136	S	1	7680	0	1176	0.2791822024828884	False
136	T	20	7680	9	1176	0.010828506625358211	False
137	*	2	7654	0	1167	0.6231824738689067	False
137	H	12	7654	2	1167	0.7809986979066699	False
137	K	1	7654	0	1167	0.27777878061702427	False
137	P	1	7654	0	1167	0.27777878061702427	False
137	Q	7636	7654	1165	1167	0.9231731913244647	False
137	R	2	7654	0	1167	0.6231824738689067	False
138	A	0	7660	31	1227	1.43169305873844e-42	True
138	D	60	7660	44	1227	7.930893979605297e-17	False
138	E	7571	7660	1085	1227	1.3980659072067331e-99	False
138	G	2	7660	1	1227	0.8858002993034643	False
138	K	26	7660	60	1227	1.3432617062592982e-50	True
138	Q	1	7660	1	1227	0.6462884526097966	False
138	T	0	7660	5	1227	7.805128720977896e-07	True
139	C	2	7649	0	1169	0.6242866119696131	False
139	F	7630	7649	1165	1169	0.7813093546893872	False
139	H	1	7649	0	1169	0.2785520911975851	False
139	L	9	7649	0	1169	0.49544757599105915	False
139	S	1	7649	0	1169	0.2785520911975851	False
139	V	1	7649	1	1169	0.6242866119696131	False
139	Y	5	7649	3	1169	0.13324285634186142	False
140	A	0	7649	21	1221	5.961338461281911e-29	True
140	C	0	7649	7	1221	1.232524960716842e-09	True
140	D	2	7649	0	1221	0.6446613629143003	False
140	G	7638	7649	923	1221	0.0	False
140	R	1	7649	0	1221	0.29291685199177026	False
140	S	8	7649	270	1221	0.0	True
141	F	2	7668	0	1171	0.6239265943312533	False
141	I	7617	7668	1156	1171	0.03591650394812345	False
141	L	1	7668	0	1171	0.2782998840005817	False
141	T	7	7668	1	1171	0.6460634669529635	False
141	V	41	7668	14	1171	0.013170825162465934	False
142	A	3	7654	2	1169	0.26911617215173733	False
142	L	2	7654	0	1169	0.6239816158657667	False
142	P	7641	7654	1160	1169	0.00043704531939209464	False
142	R	1	7654	0	1169	0.2783384255933114	False
142	S	5	7654	1	1169	0.7223549641369348	False
142	T	2	7654	6	1169	3.6148982689384693e-06	False
143	A	0	7648	1	1187	0.28360889900401354	True
143	C	0	7648	39	1187	3.234813455113691e-55	True
143	G	0	7648	4	1187	1.3954470249698263e-05	True
143	H	1	7648	13	1187	8.177536298479076e-17	True
143	K	0	7648	2	1187	0.010670387540374495	True
143	N	1	7648	0	1187	0.28360889900401354	False
143	R	0	7648	69	1187	7.992910616219422e-98	True
143	S	1	7648	7	1187	1.8341856126335547e-08	True
143	Y	7645	7648	1052	1187	4.1755868561756367e-187	False
144	D	1	7655	0	1167	0.2777361031041996	False
144	H	5	7655	1	1167	0.7233216341722862	False
144	K	1	7655	0	1167	0.2777361031041996	False
144	N	7641	7655	1166	1167	0.7118611479630619	False
144	S	2	7655	0	1167	0.6231215162489084	False
144	T	3	7655	0	1167	0.8604422523599952	False
144	Y	2	7655	0	1167	0.6231215162489084	False
145	L	10	7656	0	1166	0.44268370934951173	False
145	P	7644	7656	1166	1166	0.35427470626083035	False
145	S	1	7656	0	1166	0.2774134388603795	True
145	T	1	7656	0	1166	0.2774134388603795	False
146	E	2	7648	0	1170	0.6247468103924267	False
146	H	2	7648	0	1170	0.6247468103924267	False
146	K	0	7648	1	1170	0.2788745615177526	False
146	L	1	7648	1	1170	0.6247468103924267	False
146	Q	7643	7648	1165	1170	0.003079723801068375	False
146	R	0	7648	3	1170	0.00034624823401535913	False
147	G	2	7651	18	1176	1.4700964039022073e-22	True
147	I	1	7651	0	1176	0.2804214082445182	False
147	N	0	7651	1	1176	0.2804214082445182	False
147	R	2	7651	0	1176	0.6269524743917311	False
147	S	7645	7651	1157	1176	3.8739449177475885e-19	False
147	T	1	7651	0	1176	0.2804214082445182	False
148	H	1	7649	240	1231	0.0	True
148	K	0	7649	9	1231	2.5707932945655155e-12	True
148	L	1	7649	0	1231	0.29563761552246726	False
148	N	2	7649	2	1231	0.17119099709696128	True
148	P	1	7649	0	1231	0.29563761552246726	False
148	Q	7640	7649	891	1231	0.0	False
148	R	4	7649	89	1231	3.7939226284432206e-115	True
149	A	7	7653	0	1166	0.6347983810056435	False
149	E	5	7653	0	1166	0.8315431011619969	False
149	G	7628	7653	1166	1166	0.09715937243260464	False
149	K	2	7653	0	1166	0.6228434195163897	False
149	R	8	7653	0	1166	0.560298857653424	False
149	S	3	7653	0	1166	0.8601371745023241	False
150	A	35	7658	6	1166	0.9696621765398721	False
150	G	2	7658	0	1166	0.6225387128609459	False
150	I	16	7658	0	1166	0.23295687279583485	False
150	N	1	7658	0	1166	0.2773281554964234	False
150	S	1	7658	0	1166	0.2773281554964234	False
150	V	7603	7658	1160	1166	0.5538079558311602	False
151	A	2	7688	1	1228	0.884346649102906	True
151	G	2	7688	0	1228	0.6449577469257187	False
151	I	354	7688	175	1228	6.578361412909595e-40	False
151	L	2	7688	1	1228	0.884346649102906	True
151	N	1	7688	0	1228	0.2931271141214165	False
151	V	7327	7688	1051	1228	7.112836247431318e-40	False
152	E	7623	7668	1166	1169	0.22347411479200327	False
152	G	9	7668	1	1169	0.8685946417033048	False
152	K	33	7668	2	1169	0.2869790087218068	False
152	Q	1	7668	0	1169	0.2777412238570093	False
152	R	2	7668	0	1169	0.6231288313500127	False
153	A	21	7656	4	1168	0.910198036313038	False
153	F	3	7656	2	1168	0.26855295393749884	True
153	L	1	7656	0	1168	0.2779732923830666	False
153	P	3	7656	0	1168	0.8608138554672576	False
153	S	7625	7656	1162	1168	0.7696218937586141	False
153	T	3	7656	0	1168	0.8608138554672576	False
154	F	1	7690	0	1170	0.27708496567824975	False
154	I	263	7690	52	1170	0.09330552566310751	False
154	L	162	7690	30	1170	0.3716147284452965	False
154	M	7262	7690	1088	1170	0.056552069184789264	False
154	V	2	7690	0	1170	0.6221911860586808	False
155	D	1	7644	5	1248	1.702988149648605e-05	False
155	H	3	7644	329	1248	0.0	True
155	N	7638	7644	912	1248	0.0	False
155	S	2	7644	0	1248	0.6552514334616685	True
155	T	0	7644	2	1248	0.013049261581796307	True
156	E	2	7712	0	1185	0.6268045688617178	False
156	H	10	7712	0	1185	0.43852991141702446	False
156	K	5918	7712	1051	1185	2.015278251916383e-20	False
156	N	1721	7712	126	1185	3.80622366595528e-20	False
156	Q	1	7712	0	1185	0.2803176130275369	False
156	R	42	7712	7	1185	0.9911339028987037	False
156	S	18	7712	1	1185	0.486046204019007	False
157	A	9	7686	0	1179	0.49365768136389776	False
157	D	6	7686	1	1179	0.6313103870971297	False
157	E	7389	7686	1095	1179	4.1278426115292123e-07	False
157	G	2	7686	0	1179	0.6260108182272268	False
157	H	2	7686	0	1179	0.6260108182272268	False
157	K	32	7686	1	1179	0.1378878191092096	False
157	N	1	7686	0	1179	0.27976075615023366	False
157	Q	245	7686	82	1179	2.833866859994382e-10	True
158	*	1	7645	0	1164	0.2773223217412025	False
158	F	4	7645	0	1164	0.9663679934554603	False
158	I	3	7645	3	1164	0.039514558189003755	False
158	L	7636	7645	1160	1164	0.14408987045740956	False
158	S	1	7645	0	1164	0.2773223217412025	False
158	V	0	7645	1	1164	0.2773223217412025	False
159	E	1	7654	1	1165	0.6223821505185203	False
159	K	7640	7654	1164	1165	0.7132520124649968	False
159	M	1	7654	0	1165	0.277218591723689	False
159	N	2	7654	0	1165	0.6223821505185203	False
159	R	10	7654	0	1165	0.4429635177265149	False
160	A	1	7674	0	1181	0.280828475520235	False
160	E	8	7674	0	1181	0.5552722607742789	False
160	G	1	7674	0	1181	0.280828475520235	False
160	H	1	7674	1	1181	0.627532410902715	False
160	I	2	7674	1	1181	0.8652789216990707	False
160	K	7406	7674	1090	1181	1.4316081813862066e-11	False
160	L	1	7674	0	1181	0.280828475520235	False
160	N	39	7674	9	1181	0.3717400268235016	False
160	Q	141	7674	50	1181	2.346221575186918e-07	False
160	R	30	7674	11	1181	0.02051389949647718	False
160	S	1	7674	3	1181	0.0038182489668383652	False
160	T	43	7674	16	1181	0.0033677013986387104	False
161	A	2	7652	0	1168	0.6237041491965749	False
161	C	1	7652	0	1168	0.2781440817373604	False
161	F	2	7652	1	1168	0.8610813776222737	False
161	I	7618	7652	1160	1168	0.3764826056588041	False
161	L	12	7652	3	1168	0.6953733780664417	False
161	M	0	7652	1	1168	0.2781440817373604	False
161	N	2	7652	0	1168	0.6237041491965749	False
161	S	4	7652	0	1168	0.9650407642514084	False
161	T	4	7652	3	1168	0.07930144022316889	False
161	V	6	7652	0	1168	0.7226667188390995	False
161	Y	1	7652	0	1168	0.2781440817373604	False
162	I	7569	7674	1155	1167	0.4182784800525696	False
162	K	1	7674	0	1167	0.2769267461008175	False
162	L	4	7674	0	1167	0.9670076390398833	False
162	M	4	7674	1	1167	0.8325411676828298	False
162	N	1	7674	0	1167	0.2769267461008175	False
162	R	2	7674	0	1167	0.6219650409094539	False
162	T	2	7674	0	1167	0.6219650409094539	False
162	V	90	7674	11	1167	0.588090937061633	False
162	Y	1	7674	0	1167	0.2769267461008175	False
163	*	2	7697	0	1222	0.6421099162256942	False
163	A	45	7697	10	1222	0.4396987871406355	False
163	D	10	7697	1	1222	0.9950159056924295	False
163	E	428	7697	57	1222	0.2242057111740928	False
163	G	7055	7697	1020	1222	1.6675726392433538e-19	False
163	H	3	7697	1	1222	0.9442931424123152	False
163	I	2	7697	0	1222	0.6421099162256942	False
163	K	12	7697	26	1222	8.447626493184923e-22	True
163	N	10	7697	0	1222	0.4233404329854876	False
163	Q	40	7697	14	1222	0.015435844751455924	False
163	R	23	7697	72	1222	6.650449976939889e-69	True
163	S	11	7697	1	1222	0.9036265539826935	False
163	T	31	7697	13	1222	0.0044510604977224975	False
163	V	25	7697	7	1222	0.27588666938243867	False
164	E	1	7652	1	1168	0.6237041491965749	False
164	H	5	7652	0	1168	0.8305656950468425	False
164	K	10	7652	3	1168	0.523834263459595	False
164	P	0	7652	1	1168	0.2781440817373604	False
164	Q	7632	7652	1162	1168	0.23331032878794838	False
164	R	4	7652	1	1168	0.8305656950468425	False
165	A	1	7681	0	1172	0.2780252498197625	False
165	G	1	7681	0	1172	0.2780252498197625	False
165	H	1	7681	0	1172	0.2780252498197625	False
165	I	300	7681	59	1172	0.0810354166664136	False
165	L	1	7681	1	1172	0.6235344695631444	False
165	M	0	7681	1	1172	0.2780252498197625	False
165	V	7377	7681	1111	1172	0.054719680116789175	False
166	*	3	7654	0	1168	0.8609475982444654	False
166	G	2	7654	0	1168	0.6235821923421832	False
166	K	15	7654	2	1168	0.8582929590836629	False
166	R	7632	7654	1164	1168	0.9733273894524005	False
166	S	2	7654	0	1168	0.6235821923421832	False
166	T	0	7654	1	1168	0.27805867107790916	False
166	W	0	7654	1	1168	0.27805867107790916	False
167	D	7439	7674	1115	1172	0.001766771427288574	False
167	E	223	7674	53	1172	0.004052192927207588	False
167	G	5	7674	2	1172	0.5230844129424201	False
167	H	0	7674	1	1172	0.2783232619595481	False
167	N	4	7674	1	1172	0.8302755354975744	False
167	Y	3	7674	0	1172	0.8613619192684537	False
168	*	2	7649	0	1166	0.6230873480589803	False
168	H	6	7649	1	1166	0.6345293438642161	False
168	L	3	7649	0	1166	0.8604047848828064	False
168	P	1	7649	1	1166	0.6230873480589803	False
168	Q	7637	7649	1162	1166	0.30681740265295937	False
168	R	0	7649	2	1166	0.00991223118768821	False
169	A	7632	7650	1159	1168	0.005117034578818313	False
169	F	0	7650	1	1168	0.27822952437752657	False
169	G	6	7650	1	1168	0.6337150791860116	False
169	S	3	7650	2	1168	0.26894809496289696	False
169	T	3	7650	1	1168	0.9649028321503323	False
169	V	6	7650	4	1168	0.042302043701656425	False
170	*	1	7642	0	1175	0.2805283629930021	False
170	A	3	7642	10	1175	2.2455386300958038e-10	False
170	D	1	7642	0	1175	0.2805283629930021	False
170	E	7629	7642	1158	1175	1.7250916226560922e-11	False
170	G	0	7642	2	1175	0.010269600735593014	False
170	K	8	7642	2	1175	0.8761918773243635	False
170	Q	0	7642	2	1175	0.010269600735593014	False
170	T	0	7642	1	1175	0.2805283629930021	False
171	H	7507	7684	1145	1173	0.941785463910725	False
171	L	26	7684	3	1173	0.8517024393580962	False
171	P	0	7684	1	1173	0.27817638991429416	False
171	Q	107	7684	15	1173	0.8596602110888376	False
171	R	2	7684	6	1173	3.592048305558356e-06	False
171	Y	42	7684	3	1173	0.2781485753620795	False
172	F	21	7659	2	1166	0.7397012751674288	False
172	I	13	7659	2	1166	0.7130722174641482	False
172	L	7615	7659	1162	1166	0.43111851293205394	False
172	M	2	7659	0	1166	0.622477798710491	False
172	P	4	7659	0	1166	0.9664275542590613	False
172	T	1	7659	0	1166	0.2772855257915865	False
172	V	3	7659	0	1166	0.8597360335201667	False
173	E	2	7710	0	1169	0.6205810755334422	False
173	G	1	7710	0	1169	0.27595896073733917	False
173	K	7482	7710	1144	1169	0.14067847919465595	False
173	M	2	7710	0	1169	0.6205810755334422	False
173	N	5	7710	0	1169	0.8341145228609423	False
173	Q	1	7710	0	1169	0.27595896073733917	False
173	R	215	7710	25	1169	0.23790232707056175	False
173	S	1	7710	0	1169	0.27595896073733917	False
173	T	1	7710	0	1169	0.27595896073733917	False
174	A	1	7639	1	1165	0.6232973870332097	False
174	I	2	7639	0	1165	0.6232973870332097	False
174	R	1	7639	0	1165	0.2778592384172613	False
174	S	1	7639	0	1165	0.2778592384172613	False
174	T	7634	7639	1164	1165	0.723123656217566	False
175	A	7629	7642	1164	1165	0.7811293716398104	False
175	E	1	7642	0	1165	0.27773096488437976	False
175	G	2	7642	0	1165	0.6231141761600226	False
175	S	1	7642	1	1165	0.6231141761600226	False
175	T	6	7642	0	1165	0.7233296566475425	False
175	V	3	7642	0	1165	0.8604342337671806	False
176	A	3	7668	0	1165	0.8586957875637947	False
176	E	1	7668	0	1165	0.2766222774522558	False
176	G	2	7668	0	1165	0.6215297705322774	False
176	I	19	7668	1	1165	0.4515896139116057	False
176	L	99	7668	12	1165	0.5457854998339128	False
176	R	1	7668	0	1165	0.2766222774522558	False
176	S	1	7668	0	1165	0.2766222774522558	False
176	T	3	7668	0	1165	0.8586957875637947	False
176	V	7539	7668	1152	1165	0.1911189804901281	False
177	*	2	7653	0	1163	0.6216415803705498	False
177	K	6	7653	0	1163	0.7249859586784508	False
177	L	23	7653	3	1163	0.9675467869469209	False
177	P	1	7653	0	1163	0.2767004805318066	False
177	Q	7619	7653	1158	1163	0.8662485649161156	False
177	R	1	7653	2	1163	0.05952823648764027	False
177	S	1	7653	0	1163	0.2767004805318066	False
178	I	3	7646	0	1164	0.8597268068806412	False
178	K	1	7646	0	1164	0.27727961988783795	False
178	M	7635	7646	1164	1164	0.395662408186352	False
178	R	4	7646	0	1164	0.9664370113879711	False
178	T	1	7646	0	1164	0.27727961988783795	False
178	V	2	7646	0	1164	0.6224693585701584	False
179	A	7626	7643	1162	1165	0.9234990678113258	False
179	G	2	7643	2	1165	0.15176803120302249	False
179	N	1	7643	0	1165	0.27768822307647867	False
179	P	1	7643	0	1165	0.27768822307647867	False
179	S	7	7643	1	1165	0.6445477177875542	False
179	T	5	7643	0	1165	0.8313048187874629	False
179	V	1	7643	0	1165	0.27768822307647867	False
180	A	2	7646	0	1169	0.6244697185125314	False
180	I	8	7646	8	1169	7.249317909657818e-05	False
180	K	1	7646	0	1169	0.2786803865527456	False
180	L	3	7646	0	1169	0.8619210719689812	False
180	P	1	7646	0	1169	0.2786803865527456	False
180	V	7631	7646	1161	1169	0.00615608440419325	False
181	F	7463	7673	1099	1167	2.9389590014596143e-08	False
181	I	2	7673	0	1167	0.6220258267126525	False
181	L	194	7673	67	1167	2.7135368923089143e-09	False
181	S	1	7673	0	1167	0.2769692721539435	False
181	Y	13	7673	1	1167	0.7832198713997277	False
182	F	5	7652	1	1166	0.7235656815191882	False
182	I	7546	7652	1147	1166	0.6001090874238308	False
182	L	2	7652	0	1166	0.6229043880437918	False
182	M	4	7652	0	1166	0.965945062277556	False
182	T	1	7652	0	1166	0.2775841014617529	False
182	V	94	7652	18	1166	0.45008978800648314	False
183	H	7630	7656	1163	1164	0.24000314195521086	False
183	L	7	7656	0	1164	0.6358835249401313	False
183	P	8	7656	1	1164	0.7583324958788416	False
183	Q	1	7656	0	1164	0.27685304153024903	False
183	Y	10	7656	0	1164	0.4434890458198262	False
184	D	1	7642	0	1164	0.2774504753770405	False
184	K	3	7642	0	1164	0.8599946521887423	False
184	N	7636	7642	1164	1164	0.7237801488173037	False
184	T	1	7642	0	1164	0.2774504753770405	False
184	Y	1	7642	0	1164	0.2774504753770405	False
185	F	7617	7641	1161	1165	0.9091335285757011	False
185	L	2	7641	1	1165	0.8605012207623095	False
185	S	1	7641	0	1165	0.2777737147091284	False
185	V	2	7641	0	1165	0.6231752373540995	False
185	Y	19	7641	3	1165	0.7959100837478774	False
186	*	8	7642	0	1164	0.5604381196950468	False
186	I	1	7642	0	1164	0.2774504753770405	False
186	K	7631	7642	1164	1164	0.3954261409521155	False
186	P	1	7642	0	1164	0.2774504753770405	False
186	R	1	7642	0	1164	0.2774504753770405	False
187	E	3	7668	0	1168	0.8600121664167826	False
187	G	2	7668	0	1168	0.6227295085834463	False
187	K	154	7668	22	1168	0.8634873869579051	False
187	R	7507	7668	1146	1168	0.7093249502301198	False
187	T	2	7668	0	1168	0.6227295085834463	False
188	E	1	7683	0	1174	0.27849755245590346	False
188	G	1	7683	0	1174	0.27849755245590346	False
188	I	3	7683	0	1174	0.8616347794148234	False
188	K	7521	7683	1140	1174	0.10917242707819612	False
188	N	1	7683	0	1174	0.27849755245590346	False
188	R	156	7683	33	1174	0.1063071359123945	False
188	T	0	7683	1	1174	0.27849755245590346	False
189	A	1	7652	0	1168	0.2781440817373604	False
189	E	2	7652	0	1168	0.6237041491965749	False
189	G	7634	7652	1162	1168	0.1614779287488406	False
189	R	14	7652	5	1168	0.1788766167796228	False
189	V	0	7652	1	1168	0.2781440817373604	False
189	W	1	7652	0	1168	0.2781440817373604	False
190	E	3	7642	0	1164	0.8599946521887423	False
190	G	7637	7642	1164	1164	0.8316905488286634	False
190	R	2	7642	0	1164	0.6227134834120185	False
191	D	1	7649	0	1165	0.277431940469683	False
191	F	2	7649	0	1165	0.62268700230699	False
191	I	7626	7649	1164	1165	0.31286541329522655	False
191	L	3	7649	0	1165	0.8599655817190056	False
191	M	11	7649	0	1165	0.395452052791051	False
191	S	3	7649	0	1165	0.8599655817190056	False
191	V	3	7649	1	1165	0.9661908823110381	False
192	E	2	7642	0	1165	0.6231141761600226	False
192	G	7633	7642	1164	1165	0.8685666452398526	False
192	R	5	7642	0	1165	0.8312354737752055	False
192	V	1	7642	0	1165	0.27773096488437976	False
192	W	1	7642	1	1165	0.6231141761600226	False
193	D	52	7675	14	1164	0.07892983125012817	False
193	E	343	7675	60	1164	0.3323141985684538	False
193	G	7219	7675	1078	1164	0.0640496548175595	False
193	K	2	7675	1	1164	0.8577893083656287	False
193	M	1	7675	0	1164	0.2760447419862311	False
193	N	1	7675	0	1164	0.2760447419862311	False
193	R	55	7675	10	1164	0.729234056145369	False
193	S	1	7675	1	1164	0.6207037920945806	False
193	V	1	7675	0	1164	0.2760447419862311	False
194	C	8	7637	9	1167	7.741744344503278e-06	False
194	D	0	7637	1	1167	0.27850552270198947	False
194	F	0	7637	1	1167	0.27850552270198947	False
194	H	5	7637	2	1167	0.5234945748624118	False
194	L	1	7637	1	1167	0.6242201422380502	False
194	N	1	7637	0	1167	0.27850552270198947	False
194	S	3	7637	1	1167	0.9644573461930509	False
194	T	2	7637	0	1167	0.6242201422380502	False
194	Y	7617	7637	1152	1167	8.42984084963996e-07	False
195	A	1	7656	0	1170	0.27853260236675903	False
195	C	108	7656	18	1170	0.832953673419429	False
195	G	1	7656	0	1170	0.27853260236675903	False
195	H	1	7656	3	1170	0.003672287372690548	False
195	I	1	7656	0	1170	0.27853260236675903	False
195	N	3	7656	2	1170	0.2694158857678648	False
195	R	4	7656	2	1170	0.3961086056723204	False
195	S	7412	7656	1124	1170	0.21401522769791093	False
195	T	125	7656	21	1170	0.7779521352816177	False
196	A	7592	7655	1155	1173	0.02672059298399323	False
196	E	0	7655	1	1173	0.2794133128554156	False
196	G	2	7655	1	1173	0.863067717847046	False
196	P	43	7655	9	1173	0.5145551913657531	False
196	S	1	7655	0	1173	0.2794133128554156	False
196	T	7	7655	5	1173	0.013409861107957112	False
196	V	10	7655	2	1173	0.9359201359250822	False
197	E	6	7638	1	1166	0.6337888948898194	False
197	G	7630	7638	1164	1166	0.8697985114596454	False
197	R	2	7638	1	1166	0.8611414698406309	False
198	D	73	7657	6	1164	0.1900084670452305	False
198	E	7529	7657	1158	1164	0.004025151380163896	False
198	G	3	7657	0	1164	0.8589909885567992	False
198	H	1	7657	0	1164	0.27681042766773334	False
198	K	9	7657	0	1164	0.49803741021843295	False
198	Q	40	7657	0	1164	0.025260239996406697	False
198	V	2	7657	0	1164	0.6217987644034767	False
199	G	2	7638	1	1166	0.8611414698406309	False
199	I	1	7638	0	1166	0.27818242893099554	False
199	K	3	7638	1	1166	0.9649787683991147	False
199	R	7631	7638	1164	1166	0.761832009408725	False
199	S	1	7638	0	1166	0.27818242893099554	False
200	I	7542	7645	1154	1168	0.7824059132419802	False
200	L	41	7645	6	1168	0.9069365696913494	False
200	M	58	7645	7	1168	0.6823741805790164	False
200	T	2	7645	0	1168	0.6241312839778725	False
200	V	2	7645	1	1168	0.8615498939326536	False
201	E	1	7905	0	1201	0.27662107365376387	False
201	G	1	7905	0	1201	0.27662107365376387	False
201	I	3437	7905	548	1201	0.17129682710441546	False
201	L	4	7905	0	1201	0.9675034966527868	False
201	T	1	7905	0	1201	0.27662107365376387	False
201	V	4461	7905	653	1201	0.190141902058938	False
202	D	7628	7639	1164	1165	0.9402553647000763	False
202	E	1	7639	0	1165	0.2778592384172613	False
202	G	3	7639	1	1165	0.9655005761035245	False
202	H	1	7639	0	1165	0.2778592384172613	False
202	Y	6	7639	0	1165	0.723123656217566	False
203	I	7045	7749	1104	1182	0.005754673561925135	False
203	L	63	7749	0	1182	0.003451229949422344	False
203	M	621	7749	75	1182	0.05294610655566687	False
203	T	2	7749	1	1182	0.8607326833112491	False
203	V	18	7749	2	1182	0.9226611237093183	False
204	I	7586	7652	1159	1169	0.884341513378778	False
204	K	1	7652	0	1169	0.27842386784896045	False
204	L	17	7652	0	1169	0.2094413273604665	False
204	M	2	7652	0	1169	0.6241035871006149	False
204	P	1	7652	0	1169	0.27842386784896045	False
204	S	1	7652	0	1169	0.27842386784896045	False
204	T	3	7652	0	1169	0.8615194979552143	False
204	V	41	7652	10	1169	0.25621249288758885	False
205	A	7415	7665	1133	1167	0.5899217128277505	False
205	G	1	7665	0	1167	0.27730976707406985	False
205	P	1	7665	0	1167	0.27730976707406985	False
205	S	203	7665	28	1167	0.6904426720699381	False
205	T	42	7665	5	1167	0.7590288690857981	False
205	V	3	7665	1	1167	0.9663884177575484	False
206	A	5	7703	0	1172	0.8322745081519187	False
206	I	6	7703	0	1172	0.7243586043331546	False
206	P	3	7703	0	1172	0.8594311838281723	False
206	S	1113	7703	207	1172	0.004567270743189354	False
206	T	6576	7703	965	1172	0.007777869107689301	False
207	D	7553	7649	1157	1170	0.7848569506273283	False
207	E	46	7649	11	1170	0.2497768672333211	False
207	G	7	7649	1	1170	0.6473810993975826	False
207	H	3	7649	0	1170	0.8621580149450029	False
207	N	39	7649	1	1170	0.07533604124845195	False
207	Y	1	7649	0	1170	0.27883178863718494	False
208	F	1	7715	0	1187	0.2807430385301518	False
208	I	7155	7715	1069	1187	0.0014490029588012556	False
208	L	495	7715	83	1187	0.49211105088905815	False
208	M	57	7715	33	1187	1.6719496213110694e-10	False
208	R	1	7715	0	1187	0.2807430385301518	False
208	T	2	7715	0	1187	0.6274107099070403	False
208	V	4	7715	2	1187	0.40041387704775167	False
209	*	1	7638	0	1164	0.277621459143732	False
209	E	1	7638	0	1164	0.277621459143732	False
209	H	3	7638	0	1164	0.8602626443953292	False
209	L	1	7638	0	1164	0.277621459143732	False
209	P	9	7638	0	1164	0.4968296354974653	False
209	Q	7616	7638	1163	1164	0.3420431626217771	False
209	R	7	7638	1	1164	0.6443822433050034	False
210	A	7	7650	1	1170	0.6472751579671623	False
210	I	23	7650	9	1170	0.026309198201116827	False
210	N	4	7650	0	1170	0.9640001035563383	False
210	P	1	7650	0	1170	0.27878902375684333	False
210	S	10	7650	5	1170	0.05582535049872164	False
210	T	7604	7650	1155	1170	0.015212336836328407	False
210	V	1	7650	0	1170	0.27878902375684333	False
211	A	1	7720	0	1188	0.28080676238938496	False
211	E	1	7720	0	1188	0.28080676238938496	False
211	I	1	7720	0	1188	0.28080676238938496	False
211	K	6761	7720	1042	1188	0.9347139117970438	False
211	N	12	7720	2	1188	0.772728723558574	False
211	P	2	7720	0	1188	0.6275014832626583	False
211	Q	166	7720	34	1188	0.1509301641053332	False
211	R	716	7720	102	1188	0.47688700615980495	False
211	S	1	7720	0	1188	0.28080676238938496	False
211	T	59	7720	8	1188	0.8752182665282779	False
212	*	1	7665	0	1164	0.27646980413353384	False
212	A	122	7665	32	1164	0.007133879138793707	False
212	D	4	7665	0	1164	0.9677466593561151	False
212	E	7465	7665	1121	1164	0.04423119856636181	False
212	G	6	7665	0	1164	0.725357290081033	False
212	H	1	7665	0	1164	0.27646980413353384	False
212	I	11	7665	2	1164	0.8607008702512465	False
212	K	6	7665	1	1164	0.6364884253222745	False
212	L	5	7665	6	1164	0.0003044600324958116	False
212	N	1	7665	0	1164	0.27646980413353384	False
212	Q	23	7665	0	1164	0.11810830829990764	False
212	S	5	7665	0	1164	0.8332834330932977	False
212	T	2	7665	1	1164	0.8584565433423296	False
212	V	12	7665	0	1164	0.35552765372860295	False
212	Y	1	7665	1	1164	0.621311748372791	False
213	F	1	7628	0	1163	0.2777686314901492	False
213	I	1	7628	0	1163	0.2777686314901492	False
213	L	7623	7628	1163	1163	0.8311742092566408	False
213	P	1	7628	0	1163	0.2777686314901492	False
213	Q	1	7628	0	1163	0.2777686314901492	False
213	V	1	7628	0	1163	0.2777686314901492	False
214	*	1	7635	0	1163	0.2774690436724059	False
214	E	3	7635	1	1163	0.9661308366160095	False
214	H	8	7635	0	1163	0.5604094189826614	False
214	P	1	7635	0	1163	0.2774690436724059	False
214	Q	7620	7635	1162	1163	0.6495559322861504	False
214	R	2	7635	0	1163	0.6227400117770527	False
215	D	2	7683	0	1171	0.6230146455492025	False
215	F	1	7683	0	1171	0.27766128379587	False
215	H	1	7683	0	1171	0.27766128379587	False
215	K	6984	7683	1092	1171	0.009529171335446899	False
215	N	658	7683	72	1171	0.0060927587984330395	False
215	Q	10	7683	1	1171	0.9679068285588229	False
215	R	14	7683	2	1171	0.7767500459215153	False
215	S	13	7683	3	1171	0.7767500459215153	False
215	T	0	7683	1	1171	0.27766128379587	False
216	*	2	7677	0	1170	0.622980511724802	False
216	A	1	7677	0	1170	0.2776373887278173	False
216	H	233	7677	35	1170	0.9916025663241415	False
216	K	34	7677	2	1170	0.2650100953316101	False
216	L	1	7677	0	1170	0.2776373887278173	False
216	N	54	7677	8	1170	0.9099554094038822	False
216	P	7	7677	0	1170	0.6346477805398577	False
216	Q	7322	7677	1121	1170	0.5548109383152622	False
216	R	23	7677	3	1170	0.9715351094728178	False
216	T	0	7677	1	1170	0.2776373887278173	False
217	F	3	7651	0	1166	0.8602709613747347	False
217	I	7542	7651	1154	1166	0.34404379055455225	False
217	N	3	7651	0	1166	0.8602709613747347	False
217	R	1	7651	0	1166	0.2776267870974778	False
217	S	38	7651	0	1166	0.029876281865339086	False
217	T	3	7651	0	1166	0.8602709613747347	False
217	V	61	7651	12	1166	0.5218436500655003	False
218	A	4	7746	2	1178	0.39301697280718195	False
218	H	1	7746	0	1178	0.2769410780274674	False
218	I	225	7746	27	1178	0.2764500075780911	False
218	K	7	7746	1	1178	0.6426976074721908	False
218	L	7	7746	6	1178	0.00191768346488825	False
218	M	0	7746	1	1178	0.2769410780274674	False
218	N	2	7746	0	1178	0.6219855322828653	False
218	P	1	7746	0	1178	0.2769410780274674	False
218	Q	0	7746	1	1178	0.2769410780274674	False
218	R	1	7746	0	1178	0.2769410780274674	False
218	S	492	7746	124	1178	1.9481434813023823e-07	False
218	T	7006	7746	1016	1178	1.0708400235909996e-05	False
219	E	6	7653	0	1170	0.7218380178192249	False
219	H	1	7653	0	1170	0.27866077709702985	False
219	I	1	7653	0	1170	0.27866077709702985	False
219	K	7428	7653	1114	1170	0.001113461905247127	False
219	N	158	7653	38	1170	0.014235732851433052	False
219	Q	34	7653	12	1170	0.018585152490626658	False
219	R	11	7653	2	1170	0.8546108779147206	False
219	T	13	7653	4	1170	0.37257110808421046	False
219	V	1	7653	0	1170	0.27866077709702985	False
220	F	15	7704	0	1172	0.2583855288136162	False
220	H	1	7704	0	1172	0.2770488010390028	False
220	I	7006	7704	1063	1172	0.8322243443225421	False
220	L	458	7704	76	1172	0.5105763238083108	False
220	M	49	7704	9	1172	0.7432914780765123	False
220	T	4	7704	0	1172	0.9668104999306106	False
220	V	171	7704	24	1172	0.7895001070850739	False
221	*	1	7635	0	1164	0.277749781228787	False
221	E	4	7635	0	1164	0.9656773229708142	False
221	G	1	7635	0	1164	0.277749781228787	False
221	H	22	7635	3	1164	0.9092553038495879	False
221	K	6	7635	1	1164	0.6344698117155025	False
221	N	0	7635	2	1164	0.00991693708418898	False
221	P	2	7635	0	1164	0.6231410521228977	False
221	Q	7330	7635	1130	1164	0.090766959364407	False
221	R	10	7635	9	1164	4.947850899974393e-05	False
221	S	253	7635	19	1164	0.00273165342646257	False
221	T	6	7635	0	1164	0.7232993204492995	False
222	A	2	7666	0	1170	0.6236495920000886	False
222	C	1	7666	0	1170	0.27810587206019144	False
222	H	56	7666	9	1170	0.9686981583898967	False
222	I	2	7666	0	1170	0.6236495920000886	False
222	K	472	7666	66	1170	0.5339948425057263	False
222	N	7116	7666	1094	1170	0.43434997346445703	False
222	Q	3	7666	0	1170	0.8610214982306585	False
222	R	4	7666	0	1170	0.9651025409460415	False
222	T	8	7666	1	1170	0.7616307028665021	False
222	Y	2	7666	0	1170	0.6236495920000886	False
223	C	1	7632	0	1163	0.2775973902187384	False
223	F	7622	7632	1163	1163	0.4424186592949798	False
223	L	5	7632	0	1163	0.8314520453867087	False
223	S	2	7632	0	1163	0.6229233703340206	False
223	Y	2	7632	0	1163	0.6229233703340206	False
224	G	3	7649	2	1170	0.2698777740403765	False
224	P	2	7649	0	1170	0.6246857767873187	False
224	Q	17	7649	5	1170	0.3196841347446547	False
224	R	7614	7649	1161	1170	0.2355083595479685	False
224	S	1	7649	0	1170	0.27883178863718494	False
224	W	12	7649	2	1170	0.7781157605229565	False
225	A	2	7632	1	1165	0.861104517194805	False
225	C	1	7632	2	1165	0.060304394018500906	False
225	D	1	7632	0	1165	0.27815882422403365	False
225	F	1	7632	0	1165	0.27815882422403365	False
225	G	2	7632	0	1165	0.623725197701863	False
225	I	1	7632	1	1165	0.623725197701863	False
225	P	1	7632	0	1165	0.27815882422403365	False
225	V	7623	7632	1161	1165	0.14532995090958303	False
226	C	1	7632	0	1163	0.2775973902187384	False
226	D	2	7632	0	1163	0.6229233703340206	False
226	F	1	7632	0	1163	0.2775973902187384	False
226	H	1	7632	0	1163	0.2775973902187384	False
226	L	1	7632	0	1163	0.2775973902187384	False
226	Y	7626	7632	1163	1163	0.7235439873466629	False
227	*	3	7647	0	1165	0.860099436448466	False
227	C	3	7647	0	1165	0.860099436448466	False
227	F	185	7647	52	1165	8.8315001488565e-05	False
227	H	1	7647	0	1165	0.277517335972919	False
227	N	1	7647	0	1165	0.277517335972919	False
227	S	2	7647	0	1165	0.6228090065543654	False
227	Y	7452	7647	1113	1165	0.00032968295551458535	False
228	G	7	7639	1	1164	0.6442763129421076	False
228	K	9	7639	0	1164	0.49689325511727145	False
228	R	7622	7639	1163	1164	0.5398627314978726	False
228	T	1	7639	0	1164	0.2775787011689621	False
229	A	1	7631	0	1168	0.27904282758342863	False
229	D	7594	7631	1156	1168	0.03492405933905156	False
229	E	29	7631	5	1168	0.9946500241147597	False
229	G	5	7631	2	1168	0.5247053262469286	False
229	N	2	7631	5	1168	6.91071885146459e-05	False
230	D	1	7699	0	1182	0.2800397223404187	False
230	E	1	7699	0	1182	0.2800397223404187	False
230	G	25	7699	2	1182	0.534930605513676	False
230	H	1	7699	0	1182	0.2800397223404187	False
230	K	0	7699	1	1182	0.2800397223404187	False
230	N	787	7699	124	1182	0.8166245989460408	False
230	P	2	7699	0	1182	0.6264085093529713	False
230	R	2	7699	36	1182	4.368534222664482e-48	True
230	S	6879	7699	1019	1182	0.0016140773759018758	False
230	T	1	7699	0	1182	0.2800397223404187	False
231	G	3	7651	0	1164	0.8593922066027129	False
231	K	97	7651	10	1164	0.2971026939312975	False
231	R	7547	7651	1153	1164	0.30685617288576794	False
231	S	3	7651	0	1164	0.8593922066027129	False
231	T	1	7651	1	1164	0.6221644069321024	False
232	A	1	7669	0	1200	0.2862966599547566	False
232	D	7352	7669	1074	1200	9.368306733566287e-21	False
232	E	281	7669	50	1200	0.44000360449435394	False
232	G	1	7669	0	1200	0.2862966599547566	False
232	K	1	7669	0	1200	0.2862966599547566	False
232	N	32	7669	74	1200	4.5027297452174065e-64	False
232	S	0	7669	2	1200	0.011028596187360122	False
232	T	1	7669	0	1200	0.2862966599547566	False
233	A	1	7644	0	1166	0.27792581060959287	False
233	H	1	7644	0	1166	0.27792581060959287	False
233	L	16	7644	0	1166	0.23229931815930677	False
233	P	7619	7644	1163	1166	0.9084865500743202	False
233	Q	2	7644	1	1166	0.860739504051566	False
233	R	1	7644	0	1166	0.27792581060959287	False
233	S	4	7644	2	1166	0.3949285985265769	False
234	C	1	7686	0	1196	0.28446450513071414	False
234	F	42	7686	22	1196	2.1973038903050132e-06	False
234	G	1	7686	0	1196	0.28446450513071414	False
234	H	57	7686	16	1196	0.05091331558405719	False
234	I	461	7686	91	1196	0.03733853913467169	False
234	L	6979	7686	1018	1196	1.4164283184347789e-09	False
234	N	0	7686	1	1196	0.28446450513071414	False
234	P	4	7686	0	1196	0.9548815086140803	False
234	R	1	7686	0	1196	0.28446450513071414	False
234	S	1	7686	0	1196	0.28446450513071414	False
234	V	138	7686	48	1196	1.0906342546770687e-06	False
234	Y	1	7686	0	1196	0.28446450513071414	False
235	*	9	7634	0	1163	0.4969925589135986	False
235	G	1	7634	0	1163	0.2775118178197945	False
235	R	1	7634	0	1163	0.2775118178197945	False
235	W	7623	7634	1163	1163	0.3953410530284136	False
236	E	1	7632	1	1165	0.623725197701863	False
236	I	1	7632	0	1165	0.27815882422403365	False
236	K	7622	7632	1163	1165	0.9394186802245037	False
236	N	1	7632	0	1165	0.27815882422403365	False
236	Q	2	7632	0	1165	0.623725197701863	False
236	R	5	7632	1	1165	0.72264271182668	False
237	E	2	7632	0	1163	0.6229233703340206	False
237	G	7624	7632	1163	1163	0.5602123740659908	False
237	R	6	7632	0	1163	0.7235439873466629	False
238	A	1	7628	0	1163	0.2777686314901492	False
238	L	1	7628	0	1163	0.2777686314901492	False
238	P	7623	7628	1163	1163	0.8311742092566408	False
238	S	2	7628	0	1163	0.6231679760758184	False
238	T	1	7628	0	1163	0.2777686314901492	False
239	A	7620	7631	1163	1165	0.855884430720329	False
239	E	1	7631	0	1165	0.2782016543286395	False
239	G	1	7631	0	1165	0.2782016543286395	False
239	P	4	7631	0	1165	0.9649476879239933	False
239	S	1	7631	0	1165	0.2782016543286395	False
239	T	2	7631	1	1165	0.8611715961148175	False
239	V	2	7631	1	1165	0.8611715961148175	False
240	E	4	7637	0	1167	0.9644573461930509	False
240	K	7556	7637	1154	1167	0.9902446671146221	False
240	N	1	7637	0	1167	0.27850552270198947	False
240	R	76	7637	12	1167	0.9584993072638549	False
240	T	0	7637	1	1167	0.27850552270198947	False
241	F	8	7629	7	1165	0.0005815917564962347	False
241	I	3	7629	0	1165	0.8613057815717184	False
241	L	7612	7629	1157	1165	0.013349587240171653	False
241	P	3	7629	1	1165	0.9648093764036512	False
241	R	1	7629	0	1165	0.2782873386573011	False
241	V	2	7629	0	1165	0.6239086818342344	False
242	F	41	7666	7	1165	0.9428014872933033	False
242	I	1	7666	1	1165	0.6216514305301069	False
242	L	7619	7666	1157	1165	0.9222090634698361	False
242	P	3	7666	0	1165	0.8588292947670493	False
242	V	2	7666	0	1165	0.6216514305301069	False
243	*	7	7627	0	1165	0.6334887677069097	False
243	G	1	7627	1	1165	0.6240310502020048	False
243	L	1	7627	1	1165	0.6240310502020048	False
243	R	1	7627	2	1165	0.06041887271002381	False
243	S	1	7627	0	1165	0.27837305515877253	False
243	W	7616	7627	1161	1165	0.24900880253497165	False
244	E	4	7629	0	1165	0.9648093764036512	False
244	K	7616	7629	1163	1165	0.710380465372195	False
244	Q	1	7629	0	1165	0.2782873386573011	False
244	R	8	7629	2	1165	0.8700847009988	False
245	A	4	7629	0	1163	0.9657160008046033	False
245	G	7621	7629	1163	1163	0.5600152700506036	False
245	R	1	7629	0	1163	0.277725809108027	False
245	S	2	7629	0	1163	0.6231068109551017	False
245	V	1	7629	0	1163	0.277725809108027	False
246	A	1	7627	0	1163	0.2778114619185057	False
246	D	1	7627	0	1163	0.2778114619185057	False
246	E	7620	7627	1163	1163	0.6343725060999192	False
246	G	2	7627	0	1163	0.6232291503238181	False
246	K	3	7627	0	1163	0.8605603991668878	False
247	E	1	7626	0	1164	0.27813518140531956	False
247	G	7619	7626	1163	1164	0.6456549441780296	False
247	R	6	7626	1	1164	0.6338629555902038	False
248	A	7615	7624	1160	1165	0.03699650426763331	False
248	P	2	7624	1	1165	0.8616414064177148	False
248	S	5	7624	1	1165	0.7220925861364107	False
248	T	1	7624	2	1165	0.060487669175182515	False
248	V	1	7624	1	1165	0.6242146712182156	False
249	A	2	7637	0	1165	0.6234195731152845	False
249	I	19	7637	2	1165	0.8570069557621394	False
249	L	6	7637	1	1165	0.6341628399339828	False
249	V	7610	7637	1162	1165	0.7994785675307856	False
250	E	3	7628	0	1163	0.8604932888379877	False
250	I	4	7628	0	1163	0.9656468301581334	False
250	K	1	7628	0	1163	0.2777686314901492	False
250	L	7	7628	0	1163	0.6344399667029197	False
250	V	7613	7628	1163	1163	0.2575495658657314	False
251	I	7580	7640	1154	1169	0.12011333866472158	False
251	L	30	7640	13	1169	0.0022037807466681256	False
251	M	3	7640	1	1169	0.9637610844813589	False
251	T	2	7640	0	1169	0.6248361768627777	False
251	V	25	7640	1	1169	0.2588505562323202	False
252	*	3	7634	0	1166	0.8614096307649334	False
252	E	5	7634	0	1166	0.8302257813051572	False
252	H	1	7634	1	1166	0.6240033747982938	False
252	K	30	7634	3	1166	0.6535544894777068	False
252	L	1	7634	0	1166	0.2783536682738791	False
252	P	1	7634	0	1166	0.2783536682738791	False
252	Q	7585	7634	1160	1166	0.7533791504788137	False
252	R	7	7634	2	1166	0.7622826120924024	False
252	T	1	7634	0	1166	0.2783536682738791	False
253	A	2	7666	0	1177	0.6264346823913458	False
253	D	7360	7666	1088	1177	5.195879030925277e-08	False
253	E	237	7666	62	1177	0.00017052148705039763	False
253	H	48	7666	7	1177	0.9430118124257548	False
253	K	0	7666	1	1177	0.28005808502721385	False
253	N	5	7666	7	1177	3.053736976820107e-05	False
253	P	1	7666	0	1177	0.28005808502721385	False
253	V	2	7666	2	1177	0.15427397417055214	False
253	Y	11	7666	10	1177	1.6143825316947773e-05	False
254	D	16	7646	1	1169	0.5891705744426274	False
254	G	10	7646	3	1169	0.52539168142376	False
254	H	11	7646	1	1169	0.9379633825983177	False
254	K	78	7646	20	1169	0.051421955660626927	False
254	N	7457	7646	1124	1169	0.00851061113271986	False
254	Q	42	7646	15	1169	0.006538167320436161	False
254	R	3	7646	0	1169	0.8619210719689812	False
254	S	24	7646	5	1169	0.7197743676227638	False
254	T	4	7646	0	1169	0.9641753041810476	False
254	Y	1	7646	0	1169	0.2786803865527456	False
255	*	1	7655	0	1172	0.2791341174544778	False
255	C	4	7655	0	1172	0.9634436852593053	False
255	D	3	7655	0	1172	0.8626310308208462	False
255	G	101	7655	23	1172	0.10767392999351658	False
255	K	21	7655	6	1172	0.2766831694664253	False
255	N	65	7655	17	1172	0.06649541638530597	False
255	Q	1	7655	2	1172	0.06082670808733104	False
255	R	53	7655	10	1172	0.6722968771920019	False
255	S	7393	7655	1113	1172	0.007796936056694075	False
255	T	11	7655	1	1172	0.9366982558307971	False
255	W	1	7655	0	1172	0.2791341174544778	False
255	Y	1	7655	0	1172	0.2791341174544778	False
256	D	6256	7723	909	1180	0.0015466336677822053	False
256	E	1454	7723	271	1180	0.0009293849478540085	False
256	G	6	7723	0	1180	0.7221505850550043	False
256	H	1	7723	0	1180	0.2784666014732839	False
256	K	1	7723	0	1180	0.2784666014732839	False
256	N	3	7723	0	1180	0.861586224430237	False
256	V	1	7723	0	1180	0.2784666014732839	False
256	Y	1	7723	0	1180	0.2784666014732839	False
257	I	7605	7620	1163	1165	0.8604550013609151	False
257	K	0	7620	1	1165	0.27867331650968663	False
257	L	7	7620	0	1165	0.633016485011743	False
257	M	4	7620	0	1165	0.9641865309974099	False
257	T	2	7620	0	1165	0.6244596271355116	False
257	V	2	7620	1	1165	0.8619100722531687	False
258	*	2	7618	0	1163	0.6237801296574677	False
258	E	1	7618	0	1163	0.2781972981901202	False
258	K	7609	7618	1161	1163	0.9693969347899632	False
258	N	0	7618	1	1163	0.2781972981901202	False
258	Q	1	7618	0	1163	0.2781972981901202	False
258	R	5	7618	1	1163	0.7225807332698925	False
259	A	1	7618	1	1183	0.6317473884569662	False
259	G	2	7618	0	1183	0.6317473884569662	False
259	I	34	7618	24	1183	1.3177022563813409e-09	False
259	L	2	7618	1	1183	0.8698971122826895	False
259	V	7579	7618	1157	1183	9.46524012088698e-10	False
260	A	1	7613	0	1167	0.2795354626442402	False
260	G	2	7613	0	1167	0.6256895673762952	False
260	I	15	7613	1	1167	0.6441565707602491	False
260	L	1	7613	3	1167	0.003735474605347419	False
260	M	1	7613	0	1167	0.2795354626442402	False
260	R	1	7613	1	1167	0.6256895673762952	False
260	S	1	7613	0	1167	0.2795354626442402	False
260	V	7591	7613	1162	1167	0.6048840980930641	False
261	A	2	7620	0	1164	0.6240587750351102	False
261	F	1	7620	1	1164	0.6240587750351102	False
261	L	3	7620	0	1164	0.8614704310556407	False
261	P	7601	7620	1163	1164	0.44756233506387555	False
261	Q	3	7620	0	1164	0.8614704310556407	False
261	S	10	7620	0	1164	0.44127798285547526	False
262	E	0	7693	1	1164	0.27528163242716736	False
262	F	1	7693	0	1164	0.27528163242716736	False
262	G	2	7693	2	1164	0.14924232678875843	False
262	I	1	7693	0	1164	0.27528163242716736	False
262	K	89	7693	0	1164	0.0004146878264002336	False
262	L	3	7693	0	1164	0.8565905790077779	False
262	R	7593	7693	1161	1164	0.003238269001511878	False
262	S	4	7693	0	1164	0.9696708265906997	False
263	G	2	7620	0	1167	0.6252604415428409	False
263	K	17	7620	7	1167	0.04602415502100928	True
263	R	7600	7620	1160	1167	0.09790464227424106	False
263	T	1	7620	0	1167	0.2792345842976493	False
264	E	3	7604	0	1164	0.8625465295617172	False
264	I	1	7604	0	1164	0.2790800187228003	False
264	K	7591	7604	1155	1164	0.00044788906898560806	False
264	N	2	7604	0	1164	0.625039947520863	False
264	R	6	7604	9	1164	7.158002962972819e-07	False
264	T	1	7604	0	1164	0.2790800187228003	False
265	A	6894	7723	1085	1180	0.005715522497230912	False
265	E	2	7723	0	1180	0.6241645909629278	False
265	G	1	7723	0	1180	0.2784666014732839	False
265	I	1	7723	0	1180	0.2784666014732839	False
265	P	1	7723	0	1180	0.2784666014732839	False
265	S	1	7723	0	1180	0.2784666014732839	False
265	T	8	7723	2	1180	0.8705736419112968	False
265	V	815	7723	93	1180	0.005559957515835396	False
266	E	1	7599	0	1164	0.27929530008915027	False
266	K	7585	7599	1162	1164	0.7823478133924985	False
266	N	3	7599	0	1164	0.8628832964300945	False
266	Q	2	7599	0	1164	0.6253470454868941	False
266	R	6	7599	1	1164	0.6320388504866885	False
266	T	2	7599	1	1164	0.8628832964300945	False
267	F	1	7587	0	1157	0.2778393845433974	False
267	I	7566	7587	1153	1157	0.9096331593981751	False
267	L	1	7587	0	1157	0.2778393845433974	False
267	M	1	7587	0	1157	0.2778393845433974	False
267	N	2	7587	0	1157	0.6232690281171076	False
267	T	1	7587	0	1157	0.2778393845433974	False
267	V	15	7587	4	1157	0.5039617362517572	False
268	F	1	7574	0	1162	0.27981119477510924	False
268	I	7479	7574	1128	1162	1.9683508489237557e-05	False
268	L	85	7574	30	1162	8.630093058970596e-05	False
268	M	1	7574	1	1162	0.6260827260575141	False
268	N	1	7574	0	1162	0.27981119477510924	False
268	T	2	7574	0	1162	0.6260827260575141	False
268	V	5	7574	3	1162	0.13474999900576223	False
269	G	8	7585	1	1165	0.7670875936599907	False
269	K	178	7585	39	1165	0.051880706273971795	False
269	M	1	7585	0	1165	0.2801805625125004	False
269	R	7391	7585	1125	1165	0.10360819879070471	False
269	T	5	7585	0	1165	0.8272687371354386	False
269	V	1	7585	0	1165	0.2801805625125004	False
269	W	1	7585	0	1165	0.2801805625125004	False
270	A	1	7529	1	1159	0.6276586546790774	False
270	D	7430	7529	1112	1159	3.275477977929324e-11	False
270	E	20	7529	9	1159	0.011288960406224964	False
270	G	2	7529	0	1159	0.6276586546790774	False
270	H	32	7529	23	1159	1.615649670819972e-09	False
270	N	42	7529	14	1159	0.017436150670972237	False
270	V	2	7529	0	1159	0.6276586546790774	False
271	*	1	7480	0	1139	0.27735678280503473	False
271	C	3	7480	0	1139	0.859848199633257	False
271	D	2	7480	0	1139	0.622579604825346	False
271	F	2	7480	0	1139	0.622579604825346	False
271	N	1	7480	0	1139	0.27735678280503473	False
271	S	1	7480	0	1139	0.27735678280503473	False
271	Y	7470	7480	1139	1139	0.4427580679890929	False
272	A	2	7485	0	1141	0.6230864305740884	False
272	E	1	7485	1	1141	0.6230864305740884	False
272	G	7472	7485	1139	1141	0.7119201207221633	False
272	K	1	7485	0	1141	0.27771154768642126	False
272	R	9	7485	1	1141	0.8685136611872984	False
273	E	3	7484	0	1142	0.8609210632878503	False
273	I	1	7484	0	1142	0.27804145116329604	False
273	K	7464	7484	1135	1142	0.09615154771162973	False
273	N	6	7484	1	1142	0.6340070721709217	False
273	Q	4	7484	5	1142	0.0011311362875657744	False
273	R	5	7484	1	1142	0.722828400481041	False
273	T	1	7484	0	1142	0.27804145116329604	False
274	H	3	7448	0	1139	0.862042865887215	False
274	K	3	7448	0	1139	0.862042865887215	False
274	Q	7439	7448	1138	1139	0.8713680262528343	False
274	R	3	7448	1	1139	0.9640489299949241	False
275	I	1	7424	0	1137	0.2792388492171243	False
275	M	7362	7424	1121	1137	0.08488697767419863	False
275	R	2	7424	0	1137	0.62526651610943	False
275	T	1	7424	0	1137	0.2792388492171243	False
275	V	58	7424	16	1137	0.05102011491555824	False
276	A	7384	7393	1135	1138	0.4448457666645298	False
276	E	3	7393	0	1138	0.865388264808342	False
276	G	1	7393	0	1138	0.28089803129166674	False
276	P	1	7393	2	1138	0.06177648181742905	False
276	Q	2	7393	0	1138	0.6276314773215722	False
276	T	1	7393	1	1138	0.6276314773215722	False
276	V	1	7393	0	1138	0.28089803129166674	False
277	C	6	7382	3	1140	0.20415677154949963	False
277	D	0	7382	1	1140	0.2819632311668875	False
277	G	7366	7382	1133	1140	0.03575212029359743	False
277	N	1	7382	0	1140	0.2819632311668875	False
277	R	3	7382	3	1140	0.04171339673552909	False
277	S	3	7382	0	1140	0.8670501924263737	False
277	V	1	7382	0	1140	0.2819632311668875	False
277	Y	2	7382	0	1140	0.6291479552100929	False
278	A	31	7404	16	1147	7.924947786317755e-05	False
278	D	7220	7404	1106	1147	0.0407812159988432	False
278	E	15	7404	5	1147	0.23257338069101763	False
278	G	29	7404	5	1147	0.9756088700300702	False
278	H	1	7404	0	1147	0.2829974105217229	False
278	N	100	7404	14	1147	0.8266518517828224	False
278	S	6	7404	0	1147	0.7149063513499951	False
278	T	1	7404	0	1147	0.2829974105217229	False
278	Y	1	7404	1	1147	0.6306189093331206	False
279	A	2	7087	1	1145	0.890202091403224	False
279	D	6855	7087	1105	1145	0.7664132511567184	False
279	G	162	7087	26	1145	0.9403739299900832	False
279	H	0	7087	1	1145	0.2969363204646276	False
279	I	1	7087	0	1145	0.2969363204646276	False
279	N	61	7087	12	1145	0.6473835662538066	False
279	S	4	7087	0	1145	0.9350738733355731	False
279	V	1	7087	0	1145	0.2969363204646276	False
279	Y	1	7087	0	1145	0.2969363204646276	False
280	C	6996	7031	1126	1132	0.9329723579799147	False
280	F	1	7031	0	1132	0.2957705849196661	False
280	G	4	7031	1	1132	0.8023553476353797	False
280	R	6	7031	0	1132	0.6947809132700268	False
280	S	20	7031	5	1132	0.5493151393068262	False
280	W	4	7031	0	1132	0.9369111079957967	False
281	A	2	7044	0	1140	0.6511221998280494	False
281	E	1	7044	0	1140	0.2975083792945993	False
281	G	5	7044	0	1140	0.7996139359569738	False
281	L	17	7044	0	1140	0.19025262382777658	False
281	M	130	7044	16	1140	0.35472934212243745	False
281	V	6889	7044	1124	1140	0.10231506376060794	False
282	A	7004	7016	1132	1132	0.3296300668232842	False
282	E	2	7016	0	1132	0.6496835652341117	False
282	F	1	7016	0	1132	0.29648447971581754	False
282	G	2	7016	0	1132	0.6496835652341117	False
282	P	1	7016	0	1132	0.29648447971581754	False
282	T	5	7016	0	1132	0.8012280377400995	False
282	V	1	7016	0	1132	0.29648447971581754	False
283	C	1	7041	0	1164	0.3046564693110293	False
283	D	7	7041	1	1164	0.7112931190313736	False
283	G	639	7041	139	1164	0.002381644822856621	False
283	I	2	7041	0	1164	0.6611331201564036	False
283	N	32	7041	5	1164	0.905643311310506	False
283	Q	1	7041	0	1164	0.3046564693110293	False
283	R	4	7041	3	1164	0.10244287947381349	False
283	S	6353	7041	1016	1164	0.002503226731740719	False
283	T	1	7041	0	1164	0.3046564693110293	False
283	V	1	7041	0	1164	0.3046564693110293	False
284	G	236	7008	75	1151	3.63734845096071e-07	False
284	I	2	7008	1	1151	0.8986386344923302	False
284	K	9	7008	0	1151	0.460873323308408	False
284	R	6755	7008	1074	1151	1.334426685522308e-06	False
284	S	2	7008	0	1151	0.6580538100301649	False
284	T	4	7008	1	1151	0.7918483389954791	False
285	*	3	6954	0	1134	0.8949705496554257	False
285	E	0	6954	1	1134	0.3000505543334979	False
285	K	1	6954	0	1134	0.3000505543334979	False
285	P	18	6954	1	1134	0.441306716821648	False
285	Q	6926	6954	1130	1134	0.9945647135030022	False
285	R	6	6954	2	1134	0.6999044363811509	False
286	A	1	6961	0	1153	0.3053085758303929	False
286	D	6685	6961	1094	1153	0.08160980717882783	False
286	E	12	6961	1	1153	0.7824709574263631	False
286	G	2	6961	0	1153	0.6620436430555497	False
286	K	1	6961	0	1153	0.3053085758303929	False
286	L	1	6961	0	1153	0.3053085758303929	False
286	N	258	6961	58	1153	0.03843352506176606	False
286	T	1	6961	0	1153	0.3053085758303929	False
287	A	7	6798	4	1137	0.09757918744906552	False
287	D	2	6798	1	1137	0.9079784214520737	False
287	E	6780	6798	1130	1137	0.09528046506027263	False
287	G	2	6798	0	1137	0.6666293550394602	False
287	K	6	6798	2	1137	0.721030223286548	False
287	Q	1	6798	0	1137	0.3085978224153368	False
288	A	1	6773	0	1120	0.3047472743665845	False
288	D	6646	6773	1097	1120	0.77402570034157	False
288	E	3	6773	0	1120	0.9021328235176572	False
288	G	7	6773	1	1120	0.7115151220522803	False
288	I	1	6773	0	1120	0.3047472743665845	False
288	N	112	6773	20	1120	0.8465207292135252	False
288	Q	2	6773	2	1120	0.18142623520961648	False
288	S	1	6773	0	1120	0.3047472743665845	False
