Position	AA	% Naive Positive	# Naive Positive	# Naive Patients	% Treated Positive	# Treated Positive	# Treated Patients	P Value	Rank	P Value (Corrected)	Is DRM	Is Important Position
7	M	0.0	0	2701	0.03571428571428571	1	28	1.1691570847611535e-06	63	7.365689633995267e-05	False	False
41	S	0.00036900369003690036	1	2710	0.06896551724137931	2	29	1.164309466981031e-16	67	7.800873428772907e-15	False	False
47	A	0.0	0	2708	0.034482758620689655	1	29	1.7461653914066758e-06	62	0.00010826225426721389	False	False
53	K	0.0	0	2708	0.03333333333333333	1	30	2.618611928744428e-06	59	0.00015449810379592125	False	False
69	V	0.0	0	2709	0.03225806451612903	1	31	3.811408112480218e-06	49	0.00018675899751153068	False	False
75	I	0.0011061946902654867	3	2712	0.06451612903225806	2	31	9.802205239401685e-10	64	6.273411353217079e-08	False	False
91	Q	0.0	0	2717	0.03225806451612903	1	31	3.6853024464863107e-06	58	0.00021374754189620602	False	False
92	Q	0.0	0	2712	0.06451612903225806	2	31	4.7659319418834144e-23	69	3.288493039899556e-21	True	True
121	C	0.0	0	2714	0.03225806451612903	1	31	3.73209385949117e-06	56	0.0002089972561315055	False	False
121	Y	0.0	0	2714	0.03225806451612903	1	31	3.73209385949117e-06	55	0.00020526516227201434	True	False
140	A	0.0	0	2715	0.03225806451612903	1	31	3.7164308554856983e-06	57	0.0002118365587626848	True	True
143	C	0.0	0	2716	0.0625	2	32	2.1011055465083925e-22	68	1.428751771625707e-20	True	True
143	R	0.0	0	2716	0.21875	7	32	1.6737688310004712e-113	71	1.1883758700103345e-111	True	True
148	R	0.0	0	2713	0.03225806451612903	1	31	3.7478231028351813e-06	53	0.0001986346244502646	True	True
151	I	0.004416635995583364	12	2717	0.1935483870967742	6	31	1.895799743747846e-32	70	1.3270598206234922e-30	False	False
155	H	0.00036859565057132326	1	2713	0.40625	13	32	2.9853249785411513e-208	72	2.1494339845496289e-206	True	True
164	H	0.0	0	2714	0.03225806451612903	1	31	3.73209385949117e-06	54	0.00020153306841252317	False	False
170	A	0.0	0	2713	0.03225806451612903	1	31	3.7478231028351813e-06	52	0.00019488680134742943	False	False
170	V	0.0	0	2713	0.03225806451612903	1	31	3.7478231028351813e-06	51	0.00019113897824459426	False	False
178	S	0.0	0	2712	0.03225806451612903	1	31	3.763618866760615e-06	50	0.00018818094333803077	False	False
195	H	0.0	0	2709	0.03225806451612903	1	31	3.811408112480218e-06	48	0.00018294758939905046	False	False
195	T	0.0022148394241417496	6	2709	0.06451612903225806	2	31	2.374263516057416e-06	61	0.00014483007447950238	False	False
198	Q	0.0	0	2704	0.03225806451612903	1	31	3.892413866516461e-06	47	0.00018294345172627366	False	False
200	L	0.0022205773501110288	6	2702	0.06451612903225806	2	31	2.4539314848519413e-06	60	0.00014723588909111647	False	False
222	H	0.0033370411568409346	9	2697	0.06451612903225806	2	31	8.88123125102919e-05	45	0.003996554062963136	False	False
224	G	0.0	0	2695	0.03225806451612903	1	31	4.042602919779724e-06	46	0.00018595973430986728	False	False
229	N	0.000744324525493115	2	2687	0.0625	2	32	1.5715560553412905e-11	65	1.0215114359718388e-09	False	False
232	N	0.000744324525493115	2	2687	0.06451612903225806	2	31	7.2148004031414774e-12	66	4.761768266073375e-10	False	False
