Position	AA	# Naive Positive	% Naive Positive	# Naive Patients	# Treated Positive	% Treated Positive	# Treated Patients	P Value	Is DRM	Is Important Position
2	L	2685	0.9996276991809382	2686	25	1.0	25	2.815851514510571e-07	False	False
7	M	0	0.0	2701	1	0.03571428571428571	28	1.1691570847611535e-06	False	False
8	A	2693	0.9992578849721707	2695	26	1.0	26	0.00047113705846624064	False	False
9	Q	2692	0.9988868274582561	2695	26	1.0	26	0.005129456842229088	False	False
18	H	1	0.000370919881305638	2696	1	0.03571428571428571	28	0.0007726955046772306	False	False
25	D	1059	0.3916420118343195	2704	23	0.8214285714285714	28	9.338439013433279e-06	False	False
28	I	59	0.021868050407709415	2698	5	0.17857142857142858	28	1.4295308446189358e-06	False	False
28	M	1	0.00037064492216456633	2698	1	0.03571428571428571	28	0.0007689922048440895	False	False
29	P	2699	0.9988897113249445	2702	28	1.0	28	0.007138137434255545	False	False
33	A	2700	0.9988901220865705	2703	28	1.0	28	0.007126345159780184	False	False
41	S	1	0.00036900369003690036	2710	2	0.06896551724137931	29	1.164309466981031e-16	False	False
42	Q	573	0.21175166297117518	2706	14	0.4827586206896552	29	0.0009382115827590966	False	False
47	A	0	0.0	2708	1	0.034482758620689655	29	1.7461653914066758e-06	False	False
53	K	0	0.0	2708	1	0.03333333333333333	30	2.618611928744428e-06	False	False
62	Q	2706	0.9996305873660879	2707	30	1.0	30	2.6300034980367384e-06	False	False
63	I	16	0.005904059040590406	2710	3	0.1	30	3.9682561955662286e-07	False	False
65	C	2707	0.9992617201919527	2709	30	1.0	30	0.0011570710466453026	False	False
69	V	0	0.0	2709	1	0.03225806451612903	31	3.811408112480218e-06	False	False
73	I	2706	0.9988925802879292	2709	30	1.0	30	0.009522540723964594	False	False
75	I	3	0.0011061946902654867	2712	2	0.06451612903225806	31	9.802205239401685e-10	False	False
83	Y	2711	0.9996312684365781	2712	30	1.0	30	2.5735385022614767e-06	False	False
86	A	2710	0.9992625368731564	2712	30	1.0	30	0.0011492812025349914	False	False
91	Q	0	0.0	2717	1	0.03225806451612903	31	3.6853024464863107e-06	False	False
92	Q	0	0.0	2712	2	0.06451612903225806	31	4.7659319418834144e-23	True	True
97	A	27	0.009944751381215469	2715	10	0.3125	32	1.8075665756474125e-44	True	False
100	F	1373	0.5042232831435917	2723	25	0.8064516129032258	31	0.0015443361521534017	False	False
104	L	2712	0.9996314043494287	2713	30	1.0	30	2.5623922859038177e-06	False	False
109	P	2711	0.9992628086988573	2713	30	1.0	30	0.0011466963920331885	False	False
115	T	2713	0.9992633517495396	2715	30	1.0	30	0.0011415443956971124	False	False
119	R	37	0.013602941176470588	2720	4	0.12903225806451613	31	5.932937401389e-06	False	False
119	T	119	0.04375	2720	5	0.16129032258064516	31	0.0069075123248519355	False	False
121	C	0	0.0	2714	1	0.03225806451612903	31	3.73209385949117e-06	False	False
121	Y	0	0.0	2714	1	0.03225806451612903	31	3.73209385949117e-06	True	False
129	A	2714	0.9996316758747698	2715	31	1.0	31	3.7164308554856983e-06	False	False
130	C	2709	0.9996309963099631	2710	31	1.0	31	3.795411087330799e-06	False	False
133	A	2713	0.9992633517495396	2715	31	1.0	31	0.0013908654192773603	False	False
140	A	0	0.0	2715	1	0.03225806451612903	31	3.7164308554856983e-06	True	True
141	V	16	0.005891016200294551	2716	2	0.0625	32	0.004449608566953326	False	False
142	P	2713	0.9996315401621223	2714	31	1.0	31	3.73209385949117e-06	False	False
143	C	0	0.0	2716	2	0.0625	32	2.1011055465083925e-22	True	True
143	R	0	0.0	2716	7	0.21875	32	1.6737688310004712e-113	True	True
145	P	2712	0.9992630803242447	2714	31	1.0	31	0.001393906238780481	False	False
147	G	1	0.00036845983787767134	2714	1	0.03125	32	0.0016781142796694942	True	True
148	R	0	0.0	2713	1	0.03225806451612903	31	3.7478231028351813e-06	True	True
151	I	12	0.004416635995583364	2717	6	0.1935483870967742	31	1.895799743747846e-32	False	False
155	H	1	0.00036859565057132326	2713	13	0.40625	32	2.9853249785411513e-208	True	True
156	N	15	0.0055248618784530384	2715	2	0.06060606060606061	33	0.0037992751289552596	False	False
163	R	45	0.016556291390728478	2718	7	0.21212121212121213	33	4.124606799761275e-14	True	False
164	H	0	0.0	2714	1	0.03225806451612903	31	3.73209385949117e-06	False	False
165	I	119	0.04375	2720	6	0.1875	32	0.0005493047130286941	False	False
168	Q	2712	0.9996314043494287	2713	31	1.0	31	3.7478231028351703e-06	False	False
170	A	0	0.0	2713	1	0.03225806451612903	31	3.7478231028351813e-06	False	False
170	V	0	0.0	2713	1	0.03225806451612903	31	3.7478231028351813e-06	False	False
175	A	2710	0.9992625368731564	2712	31	1.0	31	0.0014000080778244965	False	False
177	H	1	0.00036859565057132326	2713	1	0.03225806451612903	31	0.0013969537865906327	False	False
178	S	0	0.0	2712	1	0.03225806451612903	31	3.763618866760615e-06	False	False
186	K	2711	0.9992628086988573	2713	31	1.0	31	0.0013969537865906327	False	False
194	F	1	0.00036913990402362494	2709	1	0.03225806451612903	31	0.0014092115637550078	False	False
195	H	0	0.0	2709	1	0.03225806451612903	31	3.811408112480218e-06	False	False
195	T	6	0.0022148394241417496	2709	2	0.06451612903225806	31	2.374263516057416e-06	False	False
198	Q	0	0.0	2704	1	0.03225806451612903	31	3.892413866516461e-06	False	False
200	L	6	0.0022205773501110288	2702	2	0.06451612903225806	31	2.4539314848519413e-06	False	False
203	M	90	0.03332099222510181	2701	6	0.1935483870967742	31	1.5122888010544453e-05	False	False
209	P	1	0.000370919881305638	2696	1	0.03225806451612903	31	0.0014498063136018009	False	False
211	Q	24	0.0088724584103512	2705	3	0.0967741935483871	31	6.088241722702976e-05	False	False
220	V	83	0.030774935113088618	2697	8	0.25	32	1.8719313869077164e-10	False	False
222	H	9	0.0033370411568409346	2697	2	0.06451612903225806	31	8.88123125102919e-05	False	False
223	F	2689	0.9992567818654775	2691	31	1.0	31	0.001465733067788239	False	False
224	G	0	0.0	2695	1	0.03225806451612903	31	4.042602919779724e-06	False	False
226	Y	2686	0.9992559523809523	2688	31	1.0	31	0.0014753740124277541	False	False
229	N	2	0.000744324525493115	2687	2	0.0625	32	1.5715560553412905e-11	False	False
232	N	2	0.000744324525493115	2687	2	0.06451612903225806	31	7.2148004031414774e-12	False	False
236	K	2686	0.9996278377372534	2687	30	1.0	30	2.8685710222871544e-06	False	False
241	I	2	0.0007446016381236039	2686	1	0.03333333333333333	30	0.009868941904989811	False	False
255	D	2	0.0007457121551081282	2682	1	0.034482758620689655	29	0.008601612274335972	False	False
265	A	1691	0.6262962962962964	2700	27	0.9310344827586207	29	0.0014387856068442419	False	False
266	K	2675	0.9988797610156833	2678	29	1.0	29	0.008656938252324931	False	False
272	G	2629	0.9988601823708206	2632	27	1.0	27	0.006820076583728108	False	False
274	Q	2627	0.99923925446938	2629	27	1.0	27	0.0007182311510127304	False	False
277	C	1	0.0004393673110720562	2276	1	0.038461538461538464	26	0.0013937603496064267	False	False
280	C	2269	0.9991193306913254	2271	26	1.0	26	0.0014120267035551625	False	False
