Position	AA	# Naive Positive	# Naive Patients	# Treated Positive	# Treated Patients	P Value
1	F	15073	15089	1157	1157	0.5339979693898338
1	G	1	15089	0	1157	0.09546531327541674
1	I	4	15089	0	1157	0.6757377299893612
1	S	7	15089	0	1157	0.9982673987767761
1	V	3	15089	0	1157	0.5203093094462627
1	Y	1	15089	0	1157	0.09546531327541674
2	*	1	15112	0	1160	0.09567150822647383
2	F	2	15112	1	1160	0.5208085002141306
2	I	24	15112	2	1160	0.7874347586765406
2	L	15079	15112	1156	1160	0.5812234715573099
2	P	1	15112	0	1160	0.09567150822647383
2	S	3	15112	0	1160	0.5208085002141306
2	W	2	15112	1	1160	0.5208085002141306
3	D	14683	15116	1135	1157	0.06837096495032093
3	E	372	15116	19	1157	0.09827443021504237
3	G	8	15116	0	1157	0.9245789586325595
3	K	2	15116	0	1157	0.324847063380351
3	L	1	15116	0	1157	0.09512027530884377
3	N	45	15116	2	1157	0.6323557685884097
3	Q	1	15116	1	1157	0.324847063380351
3	S	1	15116	0	1157	0.09512027530884377
3	Y	3	15116	0	1157	0.5194729096398738
4	A	1	15120	0	1158	0.0952358743396139
4	E	18	15120	1	1158	0.8946013970634104
4	G	14799	15120	1140	1158	0.2304664939024185
4	K	182	15120	13	1158	0.9169421830849884
4	N	11	15120	0	1158	0.7402667558320486
4	R	101	15120	4	1158	0.2580381447773936
4	S	8	15120	0	1158	0.924252166074801
5	I	15272	15287	1160	1160	0.5734957456812426
5	K	2	15287	0	1160	0.32151042880066616
5	L	3	15287	0	1160	0.5154268852993295
5	M	2	15287	0	1160	0.32151042880066616
5	R	1	15287	0	1160	0.0934594690176822
5	T	2	15287	0	1160	0.32151042880066616
5	V	5	15287	0	1160	0.7968583933287618
6	A	1	15271	0	1156	0.09300084721969866
6	D	14275	15271	1074	1156	0.48726023711474864
6	E	767	15271	65	1156	0.4077824329197476
6	G	2	15271	0	1156	0.3205852138113786
6	H	4	15271	0	1156	0.6692243877389243
6	K	2	15271	0	1156	0.3205852138113786
6	N	114	15271	9	1156	0.9560486210278206
6	Q	1	15271	0	1156	0.09300084721969866
6	S	50	15271	1	1156	0.2520318984181257
6	T	50	15271	7	1156	0.19667632995607603
6	V	3	15271	0	1156	0.5143035818467582
6	Y	2	15271	0	1156	0.3205852138113786
7	*	1	15270	0	1155	0.09284873074785706
7	A	2	15270	0	1155	0.32027797332446944
7	D	1	15270	1	1155	0.32027797332446944
7	E	96	15270	11	1155	0.2589725520389243
7	I	1	15270	0	1155	0.09284873074785706
7	K	14497	15270	1072	1155	0.0021932296542870053
7	N	1	15270	0	1155	0.09284873074785706
7	P	183	15270	16	1155	0.6743411673711057
7	Q	159	15270	12	1155	0.886357786246531
7	R	324	15270	43	1155	0.000567615928364835
7	T	4	15270	0	1155	0.6688194157765801
7	V	1	15270	0	1155	0.09284873074785706
8	A	15396	15408	1161	1163	0.5881055432846307
8	D	2	15408	0	1163	0.31947444714996925
8	G	1	15408	0	1163	0.09245128668937785
8	L	0	15408	1	1163	0.09245128668937785
8	P	2	15408	1	1163	0.5129542334527555
8	T	1	15408	0	1163	0.09245128668937785
8	V	6	15408	0	1163	0.8996374518719834
9	H	3	15406	1	1163	0.6678254750389377
9	K	0	15406	1	1163	0.09247589742249065
9	P	10	15406	0	1163	0.8025796393730972
9	Q	15392	15406	1161	1163	0.7120923572782993
9	R	1	15406	0	1163	0.09247589742249065
10	A	60	15321	3	1159	0.6459275184778699
10	D	829	15321	92	1159	0.000392812352653295
10	E	14366	15321	1063	1159	0.00711970583114538
10	G	22	15321	1	1159	0.9235885782555877
10	H	1	15321	0	1159	0.09287212541374715
10	I	1	15321	0	1159	0.09287212541374715
10	K	28	15321	0	1159	0.27714069562876464
10	N	1	15321	0	1159	0.09287212541374715
10	Q	4	15321	0	1159	0.6688817587329832
10	V	9	15321	0	1159	0.862366716690379
11	A	16	15237	0	1160	0.5375993904055134
11	D	3822	15237	263	1160	0.07262400789709803
11	E	11337	15237	897	1160	0.02999849879856686
11	G	12	15237	0	1160	0.6943148189028467
11	H	1	15237	0	1160	0.09408577644615757
11	K	17	15237	0	1160	0.5060412482888035
11	N	6	15237	0	1160	0.9042552671679974
11	Q	20	15237	0	1160	0.4246539146070686
11	S	4	15237	0	1160	0.672102732816358
11	V	2	15237	0	1160	0.32277122526613544
12	H	15408	15415	1161	1163	0.2568115473488154
12	N	0	15415	1	1163	0.09236520486904405
12	P	4	15415	0	1163	0.6675299517879323
12	Q	0	15415	1	1163	0.09236520486904405
12	S	2	15415	0	1163	0.31930023308705135
12	T	1	15415	0	1163	0.09236520486904405
13	A	10	15399	0	1157	0.8051364773758749
13	D	269	15399	20	1157	0.9436781262153829
13	E	15051	15399	1137	1157	0.2806697297978683
13	G	18	15399	0	1157	0.48325917995629786
13	K	48	15399	0	1157	0.10558734589831244
13	Q	2	15399	0	1157	0.31771619534977064
13	V	1	15399	0	1157	0.09158387285545647
14	E	2	15212	0	1139	0.31639176217724385
14	K	10516	15212	1008	1139	2.964357650212583e-43
14	L	2	15212	0	1139	0.31639176217724385
14	N	1	15212	0	1139	0.09093250398539277
14	R	4689	15212	131	1139	4.310282259806527e-43
14	S	1	15212	0	1139	0.09093250398539277
14	T	1	15212	0	1139	0.09093250398539277
15	C	2	15454	1	1166	0.5127656448349582
15	F	25	15454	3	1166	0.6916272420102766
15	H	3	15454	1	1166	0.6675550482806167
15	I	0	15454	1	1166	0.0923745913839781
15	N	0	15454	1	1166	0.0923745913839781
15	S	2	15454	0	1166	0.31931925650919524
15	Y	15422	15454	1159	1166	0.018150737214185815
16	D	1	15448	0	1168	0.09277342876737872
16	H	15426	15448	1164	1168	0.1991542766750029
16	L	5	15448	0	1168	0.7949586027208997
16	N	0	15448	1	1168	0.09277342876737872
16	P	8	15448	2	1168	0.3240045118014135
16	R	5	15448	0	1168	0.7949586027208997
16	V	1	15448	0	1168	0.09277342876737872
16	Y	2	15448	1	1168	0.5137457634950655
17	C	187	15230	7	1158	0.08015792710084528
17	G	22	15230	2	1158	0.875922882843918
17	I	5	15230	0	1158	0.7979182787579017
17	N	2405	15230	307	1158	4.4173825414842834e-21
17	R	6	15230	0	1158	0.9035734894336609
17	S	12383	15230	829	1158	1.003241681602512e-15
17	T	222	15230	13	1158	0.42588856102458816
18	D	5	15462	3	1167	0.0072805476118960105
18	H	3	15462	0	1167	0.5129240341364124
18	I	3	15462	0	1167	0.5129240341364124
18	K	3	15462	0	1167	0.5129240341364124
18	L	2	15462	0	1167	0.3194495884120761
18	N	15432	15462	1164	1167	0.9000598385992645
18	Q	1	15462	0	1167	0.09243898606125218
18	S	6	15462	0	1167	0.8996024894268628
18	T	3	15462	0	1167	0.5129240341364124
18	V	1	15462	0	1167	0.09243898606125218
18	Y	3	15462	0	1167	0.5129240341364124
19	*	112	15506	0	1167	0.006385198619346926
19	C	1	15506	0	1167	0.09190125851845814
19	G	1	15506	0	1167	0.09190125851845814
19	I	57	15506	7	1167	0.32130444144127746
19	K	1	15506	0	1167	0.09190125851845814
19	L	2	15506	0	1167	0.3183603010027379
19	M	11	15506	1	1167	0.7004270433425774
19	R	7	15506	0	1167	0.9881233028415912
19	V	110	15506	9	1167	0.9508949726172389
19	W	15204	15506	1150	1167	0.28472794306705224
20	E	2	15392	0	1156	0.31755925045272865
20	G	5	15392	1	1156	0.8969471547786436
20	I	1	15392	0	1156	0.09150659266474159
20	K	1052	15392	98	1156	0.03955189971926852
20	Q	8	15392	1	1156	0.8662966831480972
20	R	14321	15392	1056	1156	0.035322882735682876
20	T	3	15392	0	1156	0.51062557989005
21	A	13107	15428	1102	1165	2.2871500906753705e-19
21	D	2	15428	0	1165	0.31963601891761423
21	E	183	15428	16	1165	0.6697106743407898
21	G	1	15428	0	1165	0.09253113995185107
21	I	1	15428	0	1165	0.09253113995185107
21	K	1	15428	1	1165	0.31963601891761423
21	M	2	15428	0	1165	0.31963601891761423
21	N	1	15428	0	1165	0.09253113995185107
21	P	3	15428	0	1165	0.5131505701077153
21	Q	1	15428	0	1165	0.09253113995185107
21	R	1	15428	0	1165	0.09253113995185107
21	S	108	15428	15	1165	0.03778510208676234
21	T	2017	15428	31	1165	3.300697541258276e-25
22	I	117	15556	4	1170	0.1561917452567207
22	K	1	15556	0	1170	0.09177817230735684
22	L	357	15556	18	1170	0.11338177453424486
22	M	15070	15556	1146	1170	0.04880174169266202
22	N	1	15556	0	1170	0.09177817230735684
22	R	4	15556	1	1170	0.7921886521846967
22	T	3	15556	0	1170	0.5112963235382184
22	V	3	15556	1	1170	0.6659596747220393
23	A	14309	15466	1096	1166	0.07137722758898439
23	C	9	15466	2	1166	0.3892596943187643
23	D	3	15466	0	1166	0.5124038943182181
23	G	6	15466	1	1166	0.9890616632123814
23	H	1	15466	0	1166	0.09222758675921489
23	I	4	15466	1	1166	0.7934414793716067
23	Q	1	15466	1	1166	0.31902161994755185
23	S	125	15466	10	1166	0.990355482203279
23	T	47	15466	3	1166	0.9976581848430643
23	V	961	15466	52	1166	0.018704057821255664
24	A	46	15460	5	1163	0.6084174320142319
24	C	2	15460	0	1163	0.31818305803852714
24	D	96	15460	9	1163	0.6578816146291808
24	E	4	15460	0	1163	0.6660552922661451
24	F	1	15460	0	1163	0.09181388626760736
24	G	247	15460	26	1163	0.12573862929652746
24	H	224	15460	17	1163	0.9268015092236218
24	I	1	15460	0	1163	0.09181388626760736
24	K	4	15460	0	1163	0.6660552922661451
24	N	1181	15460	60	1163	0.002324125457553413
24	Q	10	15460	0	1163	0.8044760027100921
24	R	7	15460	0	1163	0.9878718221156016
24	S	13628	15460	1046	1163	0.07469016375282682
24	T	8	15460	0	1163	0.9340310148139919
24	Y	1	15460	0	1163	0.09181388626760736
25	C	2	15517	0	1158	0.31512916001226304
25	D	13132	15517	1069	1158	1.7413367927108938e-12
25	E	2140	15517	73	1158	6.03425196777135e-13
25	G	3	15517	0	1158	0.5076671353151883
25	K	221	15517	16	1158	0.9914846970825235
25	N	18	15517	0	1158	0.4865626397638999
25	V	1	15517	0	1158	0.09031298085380239
26	F	15554	15614	1165	1171	0.6646071642025655
26	I	1	15614	0	1171	0.091237937713975
26	L	5	15614	1	1171	0.8961790314674034
26	M	1	15614	0	1171	0.091237937713975
26	S	1	15614	0	1171	0.091237937713975
26	V	1	15614	0	1171	0.091237937713975
26	Y	51	15614	5	1171	0.755287058251179
27	A	1	15591	0	1164	0.09038976462072379
27	D	19	15591	0	1164	0.4591307262397679
27	G	368	15591	18	1164	0.09212410837185554
27	H	24	15591	2	1164	0.8131079626798087
27	I	2	15591	0	1164	0.31528588582067896
27	K	4	15591	0	1164	0.6622244696367469
27	L	1	15591	0	1164	0.09038976462072379
27	N	15090	15591	1141	1164	0.02429125236635118
27	Q	3	15591	0	1164	0.5078580795495851
27	R	7	15591	0	1164	0.9837512119719055
27	S	71	15591	3	1164	0.45210933998499714
27	Y	1	15591	0	1164	0.09038976462072379
28	I	1307	15528	99	1167	0.9809074815252778
28	L	14195	15528	1066	1167	0.9773823447434664
28	M	20	15528	2	1167	0.9747522473209527
28	P	4	15528	0	1167	0.6655722693595876
28	V	2	15528	0	1167	0.3178173619810808
29	A	1	15629	0	1168	0.09057624804795564
29	L	1	15629	0	1168	0.09057624804795564
29	P	15624	15629	1168	1168	0.7888212386180325
29	S	1	15629	0	1168	0.09057624804795564
29	T	2	15629	0	1168	0.3156662358558444
30	A	138	15615	15	1168	0.21889799842734825
30	F	1	15615	0	1168	0.09074417345479958
30	H	10	15615	0	1168	0.8075590613238246
30	K	91	15615	7	1168	0.8985460392013322
30	L	5	15615	1	1168	0.8947641314162713
30	M	1	15615	0	1168	0.09074417345479958
30	N	20	15615	1	1168	0.9736306560678898
30	P	15205	15615	1125	1168	0.039963383797810115
30	Q	61	15615	9	1168	0.08766298785557704
30	R	2	15615	0	1168	0.3160084618063759
30	S	73	15615	8	1168	0.4148472381035393
30	T	8	15615	2	1168	0.31754027343946095
31	A	1	15255	0	1136	0.08991097433024133
31	E	1	15255	0	1136	0.08991097433024133
31	G	1	15255	1	1136	0.31430788644189195
31	I	6919	15255	353	1136	1.2064549355938202e-20
31	L	183	15255	16	1136	0.6314684634702243
31	M	10	15255	6	1136	1.52881222090013e-05
31	V	8140	15255	760	1136	1.2706246075490541e-18
32	A	1	15527	0	1165	0.09132264765272287
32	I	952	15527	57	1165	0.09953172151061268
32	L	11	15527	0	1165	0.7513038781368058
32	V	14563	15527	1108	1165	0.08112165535735236
33	A	15619	15629	1166	1168	0.4498807298477707
33	G	1	15629	0	1168	0.09057624804795564
33	I	1	15629	0	1168	0.09057624804795564
33	P	2	15629	0	1168	0.3156662358558444
33	S	1	15629	1	1168	0.3156662358558444
33	T	5	15629	1	1168	0.8942819171472426
34	E	1	15599	0	1163	0.09013325888880032
34	K	15167	15599	1122	1163	0.15852482313576444
34	N	1	15599	0	1163	0.09013325888880032
34	R	428	15599	41	1163	0.1423677641481976
34	T	2	15599	0	1163	0.3147622857769228
35	A	1	15619	0	1168	0.09069616048509291
35	D	1	15619	0	1168	0.09069616048509291
35	E	15322	15619	1144	1168	0.7962760253880353
35	G	4	15619	0	1168	0.663051361440663
35	K	37	15619	2	1168	0.8929751194480983
35	Q	253	15619	22	1168	0.5717740783129802
35	Y	1	15619	0	1168	0.09069616048509291
36	I	15636	15651	1168	1170	0.7619686805989929
36	L	6	15651	0	1170	0.8944456396176432
36	M	3	15651	1	1170	0.662881722399788
36	R	1	15651	0	1170	0.09063324763212686
36	V	5	15651	1	1170	0.8944456396176432
37	A	3	15633	0	1168	0.5082023852388566
37	I	505	15633	27	1168	0.10038359773485664
37	L	1	15633	0	1168	0.0905283310217482
37	M	2	15633	0	1168	0.31556854018432573
37	P	1	15633	0	1168	0.0905283310217482
37	Q	1	15633	0	1168	0.0905283310217482
37	S	1	15633	0	1168	0.0905283310217482
37	V	15119	15633	1141	1168	0.08234576642630709
38	A	15411	15642	1149	1169	0.6089743236475602
38	D	1	15642	0	1169	0.0905808177979975
38	G	2	15642	0	1169	0.31567555981560447
38	H	1	15642	0	1169	0.0905808177979975
38	K	3	15642	1	1169	0.662740275862882
38	N	204	15642	17	1169	0.7631218556582245
38	P	4	15642	0	1169	0.662740275862882
38	S	6	15642	0	1169	0.8942950389109989
38	T	8	15642	0	1169	0.9376089433288776
38	V	2	15642	2	1169	0.01630415779039407
39	A	3	15486	0	1167	0.5122011961221167
39	C	1095	15486	116	1167	0.00034184674389925554
39	G	11	15486	3	1167	0.11163474248076659
39	H	4	15486	0	1167	0.6669422389865893
39	I	0	15486	1	1167	0.09214525980103325
39	K	2	15486	0	1167	0.31885486710250127
39	L	1	15486	0	1167	0.09214525980103325
39	M	26	15486	0	1167	0.30942617891436536
39	N	1387	15486	19	1167	6.216702462149333e-18
39	Q	36	15486	0	1167	0.18614264013087944
39	R	26	15486	11	1167	3.4349874660882227e-07
39	S	12725	15486	1004	1167	0.000954347497281287
39	T	170	15486	13	1167	0.9247966036411935
40	*	1	15665	0	1168	0.09014597876094775
40	C	15651	15665	1168	1168	0.6198761539955981
40	G	3	15665	0	1168	0.5072518523203917
40	I	1	15665	0	1168	0.09014597876094775
40	R	5	15665	0	1168	0.78760974216875
40	S	1	15665	0	1168	0.09014597876094775
40	W	1	15665	0	1168	0.09014597876094775
40	Y	2	15665	0	1168	0.3147883027445453
41	A	107	15624	7	1167	0.8757310083023819
41	D	14919	15624	1125	1167	0.16570278980349137
41	E	6	15624	2	1167	0.18927954578351816
41	G	13	15624	0	1167	0.6597509466060512
41	H	4	15624	0	1167	0.6624567922819247
41	I	1	15624	0	1167	0.09047578721832185
41	N	393	15624	25	1167	0.4890841737409465
41	P	138	15624	3	1167	0.0361695176676475
41	S	7	15624	1	1167	0.937914977299796
41	T	34	15624	4	1167	0.5833203993362689
41	V	2	15624	0	1167	0.31546138156443115
42	A	1	15647	0	1165	0.0898806202260971
42	E	2	15647	0	1165	0.3142460704742662
42	G	1	15647	0	1165	0.0898806202260971
42	I	1	15647	0	1165	0.0898806202260971
42	K	14820	15647	1150	1165	2.435625547951376e-09
42	L	0	15647	1	1165	0.0898806202260971
42	Q	749	15647	13	1165	9.576644314780524e-09
42	R	70	15647	1	1165	0.10924210034449393
42	S	1	15647	0	1165	0.0898806202260971
42	T	1	15647	0	1165	0.0898806202260971
42	V	1	15647	0	1165	0.0898806202260971
43	*	1	15669	0	1170	0.09041805809329632
43	C	15661	15669	1169	1170	0.8694565421582828
43	F	1	15669	0	1170	0.09041805809329632
43	I	1	15669	0	1170	0.09041805809329632
43	R	4	15669	0	1170	0.6623009458760443
43	W	1	15669	1	1170	0.31534365412245025
44	H	128	15669	1	1168	0.009566353653278466
44	K	4	15669	0	1168	0.6614366060746042
44	L	2	15669	0	1168	0.31469093877564963
44	N	1	15669	0	1168	0.09009830745917309
44	P	2	15669	0	1168	0.31469093877564963
44	Q	15530	15669	1167	1168	0.006089013280802371
44	R	2	15669	0	1168	0.31469093877564963
45	A	2	15507	1	1161	0.5091701538875884
45	E	2	15507	0	1161	0.3163633090529858
45	G	4	15507	0	1161	0.6636502232653663
45	I	571	15507	25	1161	0.008686649867118403
45	K	3	15507	0	1161	0.5091701538875884
45	L	13659	15507	1048	1161	0.029199566197697584
45	M	8	15507	1	1161	0.868000951968126
45	P	4	15507	0	1161	0.6636502232653663
45	Q	710	15507	42	1161	0.1475112986297492
45	R	8	15507	1	1161	0.868000951968126
45	S	5	15507	2	1161	0.13270789160192284
45	T	14	15507	0	1161	0.6177283211423223
45	V	517	15507	41	1161	0.7823956808164149
46	A	1	15672	0	1171	0.09054213252755032
46	E	1	15672	0	1171	0.09054213252755032
46	K	15645	15672	1168	1171	0.7659808814307354
46	N	1	15672	0	1171	0.09054213252755032
46	Q	5	15672	0	1171	0.7887253068229054
46	R	19	15672	3	1171	0.4156389116581991
47	E	59	15676	0	1170	0.06494382624753962
47	G	15547	15676	1169	1170	0.009120433973934559
47	K	43	15676	0	1170	0.13532054140147415
47	R	27	15676	1	1170	0.7407691227638915
48	A	1	15672	0	1171	0.09054213252755032
48	D	1	15672	1	1171	0.3155967050130954
48	E	15617	15672	1167	1171	0.8382684814514197
48	G	6	15672	1	1171	0.9841937595388002
48	K	37	15672	2	1171	0.8939723349144669
48	Q	7	15672	0	1171	0.9841937595388002
48	V	3	15672	0	1171	0.5082366962818793
49	A	15612	15680	1155	1169	0.0006669298936767899
49	E	1	15680	0	1169	0.09012707215609851
49	G	3	15680	1	1169	0.6615144361286922
49	P	47	15680	12	1169	0.00014387907246254632
49	S	6	15680	1	1169	0.9829868311678897
49	T	9	15680	0	1169	0.8703049784936472
49	V	1	15680	0	1169	0.09012707215609851
49	W	1	15680	0	1169	0.09012707215609851
50	I	2275	15452	181	1139	0.3039105871749674
50	K	5	15452	1	1139	0.886883767525525
50	L	246	15452	19	1139	0.940008198628775
50	M	12364	15452	903	1139	0.5754083040033475
50	R	47	15452	5	1139	0.609422716416248
50	S	5	15452	0	1139	0.7815824926040134
50	T	466	15452	24	1139	0.09742564929595988
50	V	44	15452	6	1139	0.24685524623926727
51	D	1	15678	1	1168	0.31447200423007865
51	H	15640	15678	1162	1168	0.14552870418013505
51	L	1	15678	0	1168	0.08999114650933535
51	P	2	15678	1	1168	0.5068663928538594
51	Q	18	15678	2	1168	0.9204936946657056
51	R	8	15678	0	1168	0.9393302864657762
51	S	4	15678	0	1168	0.661146578285146
51	Y	4	15678	2	1168	0.0814302877349181
52	E	4	15687	0	1169	0.6612889955139869
52	G	15602	15687	1168	1169	0.057469179396827594
52	K	5	15687	0	1169	0.787321446563543
52	M	0	15687	1	1169	0.09004375542169935
52	R	74	15687	0	1169	0.03365521600726826
52	V	1	15687	0	1169	0.09004375542169935
52	W	1	15687	0	1169	0.09004375542169935
53	*	3	15684	0	1169	0.5070862835928525
53	E	1	15684	1	1169	0.3146524318810195
53	H	19	15684	0	1169	0.4599286384009701
53	K	10	15684	1	1169	0.7548745415341005
53	L	1	15684	0	1169	0.09007945240736363
53	Q	15643	15684	1167	1169	0.771756093584868
53	R	6	15684	0	1169	0.8928522892492277
53	T	1	15684	0	1169	0.09007945240736363
54	A	3	15669	0	1169	0.5075309630482826
54	G	0	15669	1	1169	0.09025816666036617
54	H	1	15669	0	1169	0.09025816666036617
54	I	79	15669	12	1169	0.03210864745099517
54	L	2	15669	0	1169	0.31501736920935897
54	M	1	15669	0	1169	0.09025816666036617
54	T	3	15669	0	1169	0.5075309630482826
54	V	15580	15669	1156	1169	0.03424265053728833
55	D	15432	15687	1149	1169	0.9183858113231358
55	G	14	15687	1	1169	0.6401925952314057
55	N	239	15687	18	1169	0.9362023715516032
55	S	0	15687	1	1169	0.09004375542169935
55	V	1	15687	0	1169	0.09004375542169935
55	Y	1	15687	0	1169	0.09004375542169935
56	A	178	15688	17	1169	0.3986107237913451
56	C	15414	15688	1147	1169	0.8222969911043617
56	E	1	15688	0	1169	0.09003185982043493
56	G	1	15688	0	1169	0.09003185982043493
56	R	3	15688	0	1169	0.5069677923898295
56	S	30	15688	2	1169	0.8449049823883843
56	T	5	15688	0	1169	0.7872878857779813
56	Y	56	15688	3	1169	0.7613777669030314
57	A	2	15632	0	1166	0.31493892270053603
57	C	8	15632	0	1166	0.9386620542256509
57	D	7	15632	0	1166	0.9832566841849134
57	E	177	15632	16	1166	0.5490779103778279
57	G	251	15632	6	1166	0.005038728298918098
57	H	8	15632	0	1166	0.9386620542256509
57	I	3	15632	0	1166	0.5074353761664194
57	N	128	15632	2	1166	0.023820769344037367
57	R	6	15632	0	1166	0.8932565061537705
57	S	15041	15632	1142	1166	0.003280366884345805
57	T	1	15632	0	1166	0.09021975115750971
58	F	1	15695	0	1169	0.08994863809909416
58	I	25	15695	1	1169	0.8153007699142581
58	L	133	15695	11	1169	0.8644682848434215
58	P	15504	15695	1153	1169	0.7513251648701113
58	Q	1	15695	0	1169	0.08994863809909416
58	S	1	15695	0	1169	0.08994863809909416
58	T	5	15695	0	1169	0.7870530253302251
58	V	25	15695	4	1169	0.27567796229506103
59	A	2	15675	1	1163	0.5049628991389024
59	D	1	15675	0	1163	0.0892284257762213
59	E	197	15675	14	1163	0.9839218636669649
59	G	15402	15675	1148	1163	0.30324748747519603
59	H	1	15675	0	1163	0.0892284257762213
59	K	29	15675	0	1163	0.2706184184332881
59	R	42	15675	0	1163	0.1435123361901355
59	S	1	15675	0	1163	0.0892284257762213
60	I	14785	15649	1118	1160	0.0069707784375996305
60	K	2	15649	0	1160	0.31255983326232994
60	L	43	15649	5	1160	0.4982963456545927
60	M	331	15649	8	1160	0.0012632173169226139
60	P	1	15649	0	1160	0.08905722095345034
60	T	156	15649	14	1160	0.5907489011498435
60	V	331	15649	15	1160	0.07258290306416282
61	*	12	15699	0	1169	0.7061079432355957
61	K	1	15699	0	1169	0.0899011201174782
61	W	15686	15699	1169	1169	0.6613732930420949
62	H	1	15702	0	1170	0.09002497539786837
62	K	1	15702	0	1170	0.09002497539786837
62	Q	15693	15702	1170	1170	0.870603141094532
62	R	6	15702	0	1170	0.892695238210004
62	V	1	15702	0	1170	0.09002497539786837
63	I	294	15661	21	1162	0.953902874861458
63	L	15049	15661	1119	1162	0.7842067892819986
63	M	242	15661	17	1162	0.9233375956907726
63	S	1	15661	0	1162	0.08923460327738138
63	V	75	15661	5	1162	0.9909134910838393
64	D	15653	15696	1170	1170	0.135663653313806
64	G	3	15696	0	1170	0.5071282526387886
64	H	1	15696	0	1170	0.09009630752199697
64	N	37	15696	0	1170	0.1806730265055691
64	S	1	15696	0	1170	0.09009630752199697
64	Y	1	15696	0	1170	0.09009630752199697
65	C	15693	15700	1168	1170	0.25038217682831543
65	E	1	15700	0	1170	0.09004874599580706
65	G	2	15700	2	1170	0.016109421745920834
65	V	1	15700	0	1170	0.09004874599580706
65	Y	3	15700	0	1170	0.5070098493043413
66	A	6	15698	7	1163	8.517722802363763e-10
66	I	4	15698	8	1163	2.8835527601957464e-14
66	K	0	15698	2	1163	0.00014423157163916483
66	P	1	15698	0	1163	0.08895653060239049
66	S	2	15698	0	1163	0.3123532676349082
66	T	15684	15698	1146	1163	2.2386924822300896e-24
66	V	1	15698	0	1163	0.08895653060239049
67	H	15702	15704	1170	1170	0.31449258744392655
67	P	1	15704	0	1170	0.09000121157380811
67	R	1	15704	0	1170	0.09000121157380811
68	A	13	15667	0	1164	0.6625574909354306
68	E	10	15667	0	1164	0.8112232716008783
68	F	3	15667	1	1164	0.6597685813657397
68	I	31	15667	1	1164	0.6189888840997266
68	L	15451	15667	1151	1164	0.539938042910328
68	M	9	15667	0	1164	0.8721890700810659
68	P	1	15667	0	1164	0.08948292830281337
68	S	5	15667	0	1164	0.7857364918009979
68	T	14	15667	1	1164	0.6376407735791764
68	V	130	15667	10	1164	0.9514204884043455
69	D	1	15683	1	1168	0.3143504542668512
69	E	15641	15683	1165	1168	0.8228680636728242
69	G	2	15683	0	1168	0.3143504542668512
69	K	39	15683	0	1168	0.1643305940201199
69	Q	0	15683	2	1168	0.00015044388780909262
70	D	10	15661	2	1173	0.45149364288120364
70	E	74	15661	9	1173	0.2403857143535482
70	G	15458	15661	1155	1173	0.5763902849097542
70	K	24	15661	0	1173	0.34693476464482675
70	N	15	15661	1	1173	0.7051900001722549
70	R	75	15661	6	1173	0.9497322596679775
70	S	5	15661	0	1173	0.7899938853133022
71	E	2	15675	0	1168	0.3145449617461348
71	H	3	15675	0	1168	0.5069553094819876
71	I	1	15675	0	1168	0.09002685152963971
71	K	15549	15675	1161	1168	0.5548824263384918
71	N	5	15675	1	1168	0.8927006620957543
71	Q	84	15675	1	1168	0.05997318319887868
71	R	29	15675	4	1168	0.4059615213584733
71	T	2	15675	1	1168	0.5069553094819876
72	A	7	15260	1	1124	0.9455380699919049
72	C	2	15260	0	1124	0.3101461043108338
72	F	1	15260	0	1124	0.08788353933099519
72	G	1	15260	0	1124	0.08788353933099519
72	I	8679	15260	864	1124	3.9194080597078816e-39
72	K	1	15260	0	1124	0.08788353933099519
72	L	1	15260	1	1124	0.3101461043108338
72	N	4	15260	2	1124	0.07873051632396577
72	P	1	15260	0	1124	0.08788353933099519
72	R	2	15260	0	1124	0.3101461043108338
72	S	5	15260	0	1124	0.7811857405152132
72	T	84	15260	0	1124	0.022760800886137147
72	V	6472	15260	256	1124	5.608447187280476e-38
73	F	2	15678	0	1168	0.31447200423007865
73	I	15598	15678	1157	1168	0.08290846023971306
73	L	2	15678	0	1168	0.31447200423007865
73	T	1	15678	0	1168	0.08999114650933535
73	V	75	15678	11	1168	0.05348007769954707
74	I	1336	15609	68	1153	0.001981646589190864
74	L	14054	15609	1031	1153	0.5319831707165097
74	M	175	15609	52	1153	2.661608186104554e-21
74	P	5	15609	0	1153	0.7826914081836706
74	V	39	15609	2	1153	0.8431573901389882
75	A	7	15700	0	1164	0.9799632368608938
75	I	9	15700	2	1164	0.3781255627437007
75	M	6	15700	3	1164	0.013465950547681245
75	T	1	15700	0	1164	0.08909223224458784
75	V	15677	15700	1159	1164	0.05541689893102239
76	A	15692	15701	1170	1170	0.8705684291948136
76	G	2	15701	0	1170	0.3145654260430381
76	P	1	15701	0	1170	0.09003685984996711
76	S	1	15701	0	1170	0.09003685984996711
76	T	3	15701	0	1170	0.5069802543769222
76	V	2	15701	0	1170	0.3145654260430381
77	A	57	15690	4	1172	0.8955978374388196
77	E	1	15690	0	1172	0.09048705117802673
77	G	0	15690	1	1172	0.09048705117802673
77	I	23	15690	2	1172	0.8516421851423104
77	L	1	15690	0	1172	0.09048705117802673
77	S	1	15690	0	1172	0.09048705117802673
77	V	15607	15690	1165	1172	0.9190583545397097
78	H	15701	15709	1171	1171	0.9390084527294433
78	L	1	15709	0	1171	0.09010125208067972
78	R	7	15709	0	1171	0.982911597684058
79	A	25	15697	0	1166	0.33240147887682986
79	E	1	15697	0	1166	0.08944645526400463
79	I	24	15697	18	1166	6.198249372159053e-19
79	V	15647	15697	1148	1166	8.799218162738201e-10
80	A	15661	15703	1167	1171	0.858096393969499
80	P	2	15703	0	1171	0.3148426659328254
80	S	34	15703	3	1171	0.9650398592299589
80	T	4	15703	0	1171	0.6616375693384058
80	V	2	15703	1	1171	0.5073181023260729
81	C	1	15702	0	1170	0.09002497539786837
81	G	10	15702	0	1170	0.8096447999490531
81	N	4	15702	0	1170	0.6612381750505936
81	R	7	15702	0	1170	0.9826894141088353
81	S	15680	15702	1170	1170	0.3890797893350626
82	D	1	15717	0	1171	0.09000623166715374
82	E	6	15717	1	1171	0.9826347733635307
82	G	15655	15717	1170	1171	0.1540848764486559
82	K	6	15717	0	1171	0.8926411847533764
82	R	33	15717	0	1171	0.21997924664543145
82	S	16	15717	0	1171	0.5484776106262887
83	*	1	15712	0	1170	0.08990622397302521
83	F	314	15712	16	1170	0.1631658411972856
83	Y	15397	15712	1154	1170	0.15925399621859526
84	I	13940	15588	1109	1168	2.4272856197573707e-09
84	L	351	15588	19	1168	0.19400876487101926
84	M	1187	15588	21	1168	1.911755234329488e-13
84	T	0	15588	1	1168	0.09106897992834741
84	V	110	15588	18	1168	0.0028018865937951107
85	E	15686	15708	1170	1170	0.3892527104323539
85	K	21	15708	0	1170	0.4112957747620326
85	Q	1	15708	0	1170	0.08995370423865798
86	A	15703	15707	1170	1170	0.6610773728886639
86	P	1	15707	0	1170	0.0899655785340015
86	T	3	15707	0	1170	0.5068027344023798
87	D	5	15698	2	1171	0.13146538949254116
87	E	15675	15698	1169	1171	0.8529165553998714
87	G	1	15698	0	1171	0.09023208202454908
87	K	16	15698	0	1171	0.5478662985296672
87	Q	1	15698	0	1171	0.09023208202454908
88	A	2	15691	0	1170	0.31480837015746543
88	I	238	15691	11	1170	0.14656465145318184
88	L	7	15691	1	1170	0.9388490175079479
88	S	1	15691	0	1170	0.09015579757144562
88	T	1	15691	0	1170	0.09015579757144562
88	V	15442	15691	1158	1170	0.16837429277590887
89	F	1	15707	0	1171	0.09012502410180423
89	I	15658	15707	1169	1171	0.5665775363895478
89	L	23	15707	1	1171	0.8943957532015645
89	M	6	15707	0	1171	0.892983604524639
89	N	1	15707	0	1171	0.09012502410180423
89	S	1	15707	0	1171	0.09012502410180423
89	T	3	15707	0	1171	0.5071997395337309
89	V	14	15707	1	1171	0.6405619928456698
90	A	27	15660	4	1176	0.34655688664298
90	L	1	15660	2	1176	0.0034645558813258407
90	P	15471	15660	1149	1176	0.002168478073817396
90	Q	6	15660	0	1176	0.896888961247782
90	S	129	15660	21	1176	0.001260336271565684
90	T	26	15660	0	1176	0.31087020207762067
91	A	14939	15665	1128	1170	0.11421816152260886
91	D	1	15665	0	1170	0.09046583026644849
91	E	117	15665	5	1170	0.28716337163422045
91	G	26	15665	0	1170	0.3131176112814475
91	N	4	15665	1	1170	0.7885106501804701
91	P	2	15665	0	1170	0.3154410978640002
91	Q	183	15665	15	1170	0.8353421919876574
91	R	0	15665	3	1170	1.9609439947103285e-07
91	S	62	15665	4	1170	0.9663929539695199
91	T	323	15665	14	1170	0.05356288065241915
91	V	8	15665	0	1170	0.9379441172283902
92	A	1	15708	5	1154	3.763936047882884e-11
92	D	2	15708	0	1154	0.30916377252450794
92	E	15684	15708	1086	1154	1.1396261027090504e-141
92	G	3	15708	4	1154	6.096437693423647e-06
92	K	16	15708	0	1154	0.5555898063401038
92	L	0	15708	1	1154	0.08740733682694983
92	N	1	15708	0	1154	0.08740733682694983
92	Q	0	15708	57	1154	3.790272986399856e-168
92	V	1	15708	1	1154	0.30916377252450794
93	A	4	15692	0	1169	0.6611280372129795
93	I	4	15692	0	1169	0.6611280372129795
93	K	1	15692	0	1169	0.08998429437791908
93	N	16	15692	2	1169	0.8149970008158046
93	P	2	15692	0	1169	0.3144580096820524
93	S	130	15692	8	1169	0.7193716974983675
93	T	15535	15692	1159	1169	0.7412871339856204
94	A	2	15714	2	1172	0.016165134149045544
94	E	6	15714	0	1172	0.8932031575712367
94	G	15690	15714	1169	1172	0.6351914705047439
94	K	3	15714	0	1172	0.5073894027120376
94	R	13	15714	1	1172	0.6197227365471014
95	*	2	15687	0	1164	0.31294680011421433
95	A	7	15687	1	1164	0.9415154666826363
95	E	1	15687	0	1164	0.08924592263357217
95	H	83	15687	1	1164	0.06348029344232034
95	K	33	15687	9	1164	0.0006470591245224693
95	N	6	15687	2	1164	0.1864362690973086
95	P	37	15687	2	1164	0.9024054261080502
95	Q	15273	15687	1130	1164	0.6296043366354387
95	R	203	15687	19	1164	0.3990703266425554
95	S	41	15687	0	1164	0.15042681675694292
95	T	1	15687	0	1164	0.08924592263357217
96	A	14	15683	1	1167	0.6389569695756097
96	D	283	15683	14	1167	0.1616382717744198
96	E	15163	15683	1135	1167	0.3286677682045218
96	G	7	15683	0	1167	0.9819517875302177
96	H	6	15683	0	1167	0.8919653387539699
96	I	1	15683	0	1167	0.08977202202453037
96	K	30	15683	0	1167	0.2561375728433217
96	N	3	15683	1	1167	0.6605529487693729
96	Q	173	15683	16	1167	0.48741817702315715
96	S	2	15683	0	1167	0.3140240182706987
96	Y	1	15683	0	1167	0.08977202202453037
97	A	211	15683	115	1158	4.4066468954439435e-92
97	I	1	15683	0	1158	0.08833667358321316
97	P	1	15683	0	1158	0.08833667358321316
97	S	7	15683	0	1158	0.977742479632488
97	T	15463	15683	1041	1158	1.4309361671175046e-91
97	V	0	15683	2	1158	0.0001403809558967123
98	A	15676	15711	1169	1171	0.9656604977579981
98	D	1	15711	0	1171	0.09007748682881697
98	E	1	15711	0	1171	0.09007748682881697
98	G	27	15711	2	1171	0.7208645873860376
98	P	2	15711	0	1171	0.31464843243045165
98	S	1	15711	0	1171	0.09007748682881697
98	T	2	15711	0	1171	0.31464843243045165
98	V	1	15711	0	1171	0.09007748682881697
99	C	2	15691	0	1168	0.3141560935769877
99	D	1	15691	0	1168	0.08983660130441595
99	F	147	15691	7	1168	0.31233338701237445
99	G	1	15691	0	1168	0.08983660130441595
99	H	27	15691	3	1168	0.7615953290141192
99	L	192	15691	15	1168	0.9650854900787597
99	S	1	15691	0	1168	0.08983660130441595
99	Y	15320	15691	1143	1168	0.6983689556802495
100	C	8	15702	0	1171	0.9387652471113681
100	F	14326	15702	1164	1171	1.496862535324615e-22
100	H	2	15702	1	1171	0.5073476989262833
100	L	4	15702	0	1171	0.6616697385453966
100	M	1	15702	0	1171	0.09018448378434507
100	Q	3	15702	0	1171	0.5073476989262833
100	S	7	15702	1	1171	0.9387652471113681
100	T	1	15702	0	1171	0.09018448378434507
100	V	1	15702	0	1171	0.09018448378434507
100	W	6	15702	0	1171	0.8931548996410777
100	Y	1343	15702	5	1171	7.713223554695836e-23
101	F	0	15456	2	1154	0.0001535107733980225
101	I	8081	15456	637	1154	0.059764704020227453
101	L	7156	15456	509	1154	0.15851093882377063
101	M	20	15456	0	1154	0.4337743792663171
101	T	4	15456	0	1154	0.6622586819897809
101	V	195	15456	6	1154	0.0372126948932276
102	I	3	15703	0	1171	0.5073181023260729
102	L	15691	15703	1171	1171	0.7053322640152979
102	P	4	15703	0	1171	0.6616375693384058
102	R	1	15703	0	1171	0.09017258846049907
102	S	1	15703	0	1171	0.09017258846049907
102	V	3	15703	0	1171	0.5073181023260729
103	G	1	15667	0	1172	0.09076186983408371
103	K	15529	15667	1162	1172	0.9484812111020317
103	N	2	15667	0	1172	0.3160445444693946
103	Q	1	15667	0	1172	0.09076186983408371
103	R	134	15667	10	1172	0.875198007305009
104	F	1	15711	0	1171	0.09007748682881697
104	I	5	15711	1	1171	0.8928466093518161
104	L	15704	15711	1169	1171	0.25046205074427386
104	M	0	15711	1	1171	0.09007748682881697
104	S	1	15711	0	1171	0.09007748682881697
105	A	15707	15713	1170	1171	0.9827731677797905
105	T	3	15713	1	1171	0.6613160065710071
105	V	3	15713	0	1171	0.5070222661392566
106	A	365	15688	26	1171	0.8945998897200304
106	E	24	15688	0	1171	0.34841938741641654
106	G	15076	15688	1130	1171	0.5448882764427518
106	K	6	15688	0	1171	0.8936348285934355
106	R	25	15688	0	1171	0.33034231648843493
106	S	191	15688	15	1171	0.9578742883458315
106	T	1	15688	0	1171	0.09035119633371007
107	G	3	15711	0	1170	0.5066844349602542
107	K	23	15711	0	1170	0.36872681605183477
107	R	15683	15711	1170	1170	0.28333592869655555
107	S	2	15711	0	1170	0.31432271075965085
108	*	23	15713	0	1171	0.36840479159432626
108	G	1	15713	0	1171	0.09005372834405054
108	Q	1	15713	0	1171	0.09005372834405054
108	W	15688	15713	1171	1171	0.33101791570978634
109	A	2	15709	0	1171	0.31469697708792305
109	L	1	15709	0	1171	0.09010125208067972
109	P	15703	15709	1171	1171	0.8929151023927615
109	S	3	15709	0	1171	0.5071405722986544
110	A	3	15705	0	1170	0.5068618982834254
110	I	214	15705	18	1170	0.7127466710138108
110	L	1	15705	0	1170	0.08998933220130585
110	T	1	15705	0	1170	0.08998933220130585
110	V	15486	15705	1152	1170	0.7832833512778172
111	A	54	15546	2	1157	0.46722225901876
111	E	4	15546	1	1157	0.7866423860593745
111	G	2	15546	0	1157	0.3140877997226203
111	H	4	15546	0	1157	0.6606374828009793
111	I	2	15546	0	1157	0.3140877997226203
111	K	14220	15546	1010	1157	1.7652658597033035e-06
111	M	1	15546	0	1157	0.08980324728109036
111	N	28	15546	2	1157	0.7613862831788321
111	P	1	15546	0	1157	0.08980324728109036
111	Q	129	15546	18	1157	0.016964369652962098
111	R	384	15546	34	1157	0.3751915760747807
111	S	7	15546	0	1157	0.9820431246276611
111	T	710	15546	90	1157	1.150470955850706e-06
112	A	373	15436	62	1142	1.449714314475599e-09
112	C	1	15436	0	1142	0.08869889147986935
112	G	1	15436	0	1142	0.08869889147986935
112	H	185	15436	16	1142	0.6430667205153331
112	I	920	15436	98	1142	0.0004711634698753295
112	K	39	15436	3	1142	0.8104178499244514
112	L	4	15436	1	1142	0.7835113744463595
112	M	86	15436	5	1142	0.7496958120223685
112	P	2	15436	0	1142	0.31182410051328824
112	Q	1	15436	0	1142	0.08869889147986935
112	R	46	15436	10	1142	0.0028620895125121234
112	S	6	15436	5	1142	8.323596769507203e-06
112	T	6933	15436	875	1142	5.0609057897424354e-95
112	V	6839	15436	67	1142	2.9370536989268104e-142
113	A	2	15575	0	1152	0.3117308284959679
113	I	13620	15575	1016	1152	0.4881845214523475
113	L	267	15575	35	1152	0.001678876234995864
113	M	5	15575	1	1152	0.888723388331546
113	T	2	15575	0	1152	0.3117308284959679
113	V	1679	15575	100	1152	0.029187960777532246
114	H	15711	15714	1167	1169	0.042067132087725174
114	P	1	15714	0	1169	0.08972316887429496
114	R	1	15714	0	1169	0.08972316887429496
114	T	1	15714	0	1169	0.08972316887429496
114	Y	0	15714	2	1169	0.00014909965785566827
115	A	4	15713	1	1171	0.7873495876791157
115	I	0	15713	1	1171	0.09005372834405054
115	K	1	15713	0	1171	0.09005372834405054
115	M	0	15713	1	1171	0.09005372834405054
115	P	1	15713	0	1171	0.09005372834405054
115	S	5	15713	1	1171	0.8927781253996827
115	T	15702	15713	1167	1171	0.012388919534640445
116	A	3	15716	0	1171	0.5069335612826197
116	D	15697	15716	1171	1171	0.4600868730256774
116	G	9	15716	0	1171	0.8706232672836998
116	H	1	15716	0	1171	0.09001810330047383
116	N	5	15716	0	1171	0.7872490784134217
116	V	1	15716	0	1171	0.09001810330047383
117	D	2	15702	0	1170	0.3145411442220767
117	G	1	15702	0	1170	0.09002497539786837
117	H	2	15702	0	1170	0.3145411442220767
117	K	2	15702	0	1170	0.3145411442220767
117	N	15689	15702	1168	1170	0.6401073467655526
117	S	4	15702	1	1170	0.7872684651205037
117	T	1	15702	1	1170	0.3145411442220767
117	Y	1	15702	0	1170	0.09002497539786837
118	D	1	15719	0	1170	0.08982319859211754
118	E	1	15719	0	1170	0.08982319859211754
118	G	15681	15719	1169	1170	0.4480159469654865
118	R	5	15719	1	1170	0.8921130877192758
118	S	31	15719	0	1170	0.24344388641778314
119	A	187	15535	15	1146	0.8617159196287848
119	G	558	15535	54	1146	0.062161679026408644
119	I	1	15535	0	1146	0.08816417718593075
119	K	7	15535	0	1146	0.9772341042786621
119	N	2	15535	0	1146	0.31072443130186356
119	P	1760	15535	169	1146	0.0005741427974375227
119	R	453	15535	63	1146	1.7322312591758899e-06
119	S	11809	15535	769	1146	1.7522094091168375e-11
119	T	758	15535	76	1146	0.010566635696507282
120	D	1	15717	0	1171	0.09000623166715374
120	H	1	15717	0	1171	0.09000623166715374
120	N	15711	15717	1171	1171	0.8926411847533764
120	Q	2	15717	0	1171	0.31450285329817446
120	S	1	15717	0	1171	0.09000623166715374
120	T	1	15717	0	1171	0.09000623166715374
121	C	1	15717	0	1171	0.09000623166715374
121	F	15706	15717	1168	1171	0.10749170226303298
121	L	5	15717	0	1171	0.7872155799563363
121	S	5	15717	0	1171	0.7872155799563363
121	Y	0	15717	3	1171	1.8925051373277118e-07
122	A	9	15527	1	1158	0.8091569420176608
122	I	1439	15527	169	1158	4.267646189627343e-09
122	N	0	15527	1	1158	0.09019258528862101
122	P	4	15527	0	1158	0.6616915138230366
122	S	12	15527	0	1158	0.7052737435485016
122	T	14044	15527	985	1158	4.489225620105906e-09
122	V	19	15527	2	1158	0.9708551635335011
123	A	1	15706	0	1171	0.09013691265151623
123	C	37	15706	7	1171	0.040584531292469084
123	G	53	15706	1	1171	0.22814773267948277
123	H	1	15706	0	1171	0.09013691265151623
123	I	1	15706	0	1171	0.09013691265151623
123	N	2	15706	0	1171	0.31476981121961534
123	R	1	15706	0	1171	0.09013691265151623
123	S	15610	15706	1163	1171	0.9124546832839512
124	A	7143	15272	328	1135	2.749894558199359e-31
124	C	1	15272	0	1135	0.08953955220028136
124	D	2	15272	0	1135	0.31354805898955135
124	E	1	15272	0	1135	0.08953955220028136
124	G	133	15272	5	1135	0.1728178739741063
124	H	11	15272	0	1135	0.7564319209431729
124	N	2174	15272	197	1135	0.004483595641367909
124	P	1	15272	0	1135	0.08953955220028136
124	Q	225	15272	19	1135	0.6803910441760662
124	R	1	15272	3	1135	1.1797801827850224e-05
124	S	481	15272	31	1135	0.48803130329349986
124	T	5095	15272	552	1135	2.089978145496499e-25
124	V	4	15272	0	1135	0.6599220043709761
125	A	8683	15446	341	1145	4.95912568493032e-67
125	D	19	15446	2	1145	0.9651493695294943
125	E	165	15446	14	1145	0.7338979365944698
125	I	13	15446	0	1145	0.663743428245365
125	K	5	15446	0	1145	0.7845511776292435
125	M	55	15446	7	1145	0.26486506405483184
125	N	3	15446	0	1145	0.5045533401544429
125	P	57	15446	1	1145	0.19402554433635355
125	Q	15	15446	1	1145	0.6961325031095573
125	S	213	15446	1	1145	0.00031614515669082393
125	T	5817	15446	734	1145	1.4090853798888573e-69
125	V	401	15446	44	1145	0.015328902603988776
126	A	29	15666	3	1168	0.8455574451370232
126	C	1	15666	0	1168	0.0901340583831196
126	D	1	15666	0	1168	0.0901340583831196
126	F	275	15666	3	1168	0.00017147379218828709
126	G	2	15666	0	1168	0.31476395830481996
126	I	6	15666	1	1168	0.9830071947259532
126	L	222	15666	18	1168	0.8282362240985587
126	M	280	15666	15	1168	0.2507903376588115
126	T	4	15666	0	1168	0.6615333245125699
126	V	14846	15666	1128	1168	0.0082703694341713
127	K	15497	15687	1165	1170	0.022780250864306278
127	Q	4	15687	0	1170	0.6617209345256276
127	R	183	15687	5	1170	0.029375604415665845
127	S	1	15687	0	1170	0.09020342014554329
127	T	2	15687	0	1170	0.3149056119407841
128	A	15459	15705	1139	1163	0.23692528974929952
128	E	1	15705	0	1163	0.08887395742697736
128	G	1	15705	0	1163	0.08887395742697736
128	I	4	15705	0	1163	0.6581120049795406
128	M	184	15705	16	1163	0.6310458017691449
128	P	1	15705	0	1163	0.08887395742697736
128	S	1	15705	0	1163	0.08887395742697736
128	T	50	15705	8	1163	0.06913116261325228
128	V	4	15705	0	1163	0.6581120049795406
129	A	15529	15718	1155	1171	0.7219647598432887
129	E	1	15718	0	1171	0.08999436172398445
129	S	3	15718	0	1171	0.506874436499108
129	T	1	15718	0	1171	0.08999436172398445
129	V	184	15718	16	1171	0.6474706323653264
130	A	185	15715	16	1171	0.6627941277945197
130	C	15523	15715	1155	1171	0.7676628687610536
130	F	1	15715	0	1171	0.09002997662421745
130	G	3	15715	0	1171	0.5069631272103641
130	S	1	15715	0	1171	0.09002997662421745
130	W	1	15715	0	1171	0.09002997662421745
130	Y	1	15715	0	1171	0.09002997662421745
131	*	93	15723	0	1170	0.014967275791587761
131	G	1	15723	0	1170	0.08977579267840954
131	Q	1	15723	0	1170	0.08977579267840954
131	R	2	15723	0	1170	0.31403175406954514
131	W	15626	15723	1170	1170	0.01263601917540748
132	*	104	15720	0	1170	0.009401887659840192
132	C	2	15720	0	1170	0.3141044624161914
132	G	2	15720	0	1170	0.3141044624161914
132	Q	1	15720	0	1170	0.08981134458105994
132	R	3	15720	0	1170	0.5064183991917204
132	W	15608	15720	1170	1170	0.006725791581885182
133	A	15442	15708	1154	1170	0.47105629923921555
133	G	1	15708	0	1170	0.08995370423865798
133	I	38	15708	1	1170	0.44748768007891604
133	L	2	15708	0	1170	0.314395501334619
133	P	3	15708	0	1170	0.5067731560022817
133	Q	1	15708	0	1170	0.08995370423865798
133	S	1	15708	0	1170	0.08995370423865798
133	T	90	15708	0	1170	0.016940087043930952
133	V	130	15708	15	1170	0.14409296279380163
134	D	403	15658	2	1168	3.9982905636653256e-07
134	E	24	15658	2	1168	0.8139042583830246
134	G	11472	15658	1147	1168	4.427523579918695e-80
134	K	24	15658	0	1168	0.34870080123960934
134	N	3511	15658	16	1168	6.342251002904718e-65
134	Q	25	15658	0	1168	0.3306175705977985
134	R	15	15658	0	1168	0.582257593558398
134	S	183	15658	1	1168	0.0010100252143891379
134	T	1	15658	0	1168	0.09022946907825041
135	A	1	15591	0	1165	0.09055048252322581
135	F	4	15591	0	1165	0.6626583823367282
135	I	12056	15591	1044	1165	1.7046368992088103e-22
135	L	63	15591	1	1165	0.14638086557698066
135	M	1	15591	0	1165	0.09055048252322581
135	T	3	15591	0	1165	0.5082573595638287
135	V	3463	15591	120	1165	1.6086664490867785e-21
136	*	2	15600	0	1166	0.3157209574025596
136	A	6	15600	0	1166	0.8943590727793754
136	D	2	15600	0	1166	0.3157209574025596
136	E	189	15600	19	1166	0.26846718883972537
136	G	2	15600	0	1166	0.3157209574025596
136	H	135	15600	0	1166	0.0025315152623695165
136	I	6	15600	0	1166	0.8943590727793754
136	K	8488	15600	1075	1166	3.7651626388687305e-139
136	L	11	15600	1	1166	0.7041044269930358
136	M	1	15600	0	1166	0.0906030992793807
136	N	145	15600	19	1166	0.028630279116762528
136	Q	3924	15600	37	1166	7.121558954889759e-65
136	R	1363	15600	2	1166	1.0526397174168923e-24
136	S	5	15600	0	1166	0.788896730511502
136	T	1321	15600	13	1166	5.921297148696295e-19
137	*	1	15715	0	1172	0.09018935406350666
137	H	145	15715	3	1172	0.02781450588707194
137	L	3	15715	0	1172	0.5073598280414693
137	P	3	15715	0	1172	0.5073598280414693
137	Q	15556	15715	1169	1172	0.01615461898893135
137	R	6	15715	0	1172	0.8931689200385149
137	S	1	15715	0	1172	0.09018935406350666
138	A	2	15694	17	1126	1.8895792241332222e-44
138	D	101	15694	27	1126	1.942924323585386e-10
138	E	15356	15694	1029	1126	3.439149164684942e-39
138	G	3	15694	1	1126	0.6421883048380146
138	K	49	15694	34	1126	8.736199584162428e-35
138	N	0	15694	1	1126	0.08313236581271195
138	Q	1	15694	1	1126	0.30025251924309704
138	S	137	15694	9	1126	0.927432096774754
138	T	44	15694	7	1126	0.0833508042329835
138	V	1	15694	0	1126	0.08313236581271195
139	F	15645	15707	1168	1169	0.1545207386604143
139	I	1	15707	0	1169	0.0898061654268192
139	L	10	15707	0	1169	0.8102813569542222
139	S	7	15707	0	1169	0.9820513908415452
139	T	1	15707	0	1169	0.0898061654268192
139	Y	43	15707	1	1169	0.35745621230862124
140	A	2	15718	18	1154	2.2286460815871422e-46
140	C	0	15718	6	1154	1.827694191879835e-16
140	E	11	15718	0	1154	0.763000393754426
140	G	15577	15718	891	1154	0.0
140	K	38	15718	0	1154	0.17685446005316807
140	R	79	15718	0	1154	0.02847929420265337
140	S	10	15718	239	1154	0.0
140	W	1	15718	0	1154	0.08729071173683112
141	D	1	15689	0	1168	0.08986035883022028
141	F	1	15689	0	1168	0.08986035883022028
141	I	15428	15689	1142	1168	0.18809648932057388
141	S	3	15689	0	1168	0.5065405475633711
141	T	13	15689	1	1168	0.6206731587239767
141	V	243	15689	25	1168	0.15041972124442463
142	A	6	15714	2	1172	0.18864491497939218
142	L	1	15714	0	1172	0.09020124162276288
142	P	15703	15714	1164	1172	2.364454504124468e-08
142	S	3	15714	1	1172	0.6617150640399766
142	T	0	15714	5	1172	2.6915719732718394e-13
142	Y	1	15714	0	1172	0.09020124162276288
143	C	0	15721	32	1156	1.147478804464687e-93
143	D	1	15721	0	1156	0.08757323725520942
143	F	4	15721	0	1156	0.6545534671530011
143	G	0	15721	5	1156	1.8130528321526978e-13
143	H	7	15721	8	1156	3.613453028466038e-11
143	K	0	15721	2	1156	0.0001357421736970517
143	R	0	15721	74	1156	1.2132436337943705e-218
143	S	0	15721	4	1156	1.697001595661133e-10
143	Y	15709	15721	1031	1156	0.0
144	D	2	15712	0	1172	0.31494973051116454
144	H	7	15712	1	1172	0.9386468793528004
144	N	15695	15712	1171	1172	0.8161774410797911
144	R	1	15712	0	1172	0.09022502181665097
144	S	5	15712	0	1172	0.7878325547227387
144	T	1	15712	0	1172	0.09022502181665097
144	Y	1	15712	0	1172	0.09022502181665097
145	H	1	15709	0	1171	0.09010125208067972
145	L	1	15709	0	1171	0.09010125208067972
145	P	15702	15709	1171	1171	0.982911597684058
145	S	4	15709	0	1171	0.6614446034743888
145	T	1	15709	0	1171	0.09010125208067972
146	E	1	15719	0	1168	0.08950470684159595
146	H	1	15719	0	1168	0.08950470684159595
146	L	1	15719	0	1168	0.08950470684159595
146	P	1	15719	0	1168	0.08950470684159595
146	Q	15714	15719	1166	1168	0.13015024995456181
146	R	0	15719	2	1168	0.000147700493010652
146	S	1	15719	0	1168	0.08950470684159595
147	A	1	15715	0	1171	0.09002997662421745
147	G	3	15715	13	1171	3.4637366642612843e-29
147	K	1	15715	0	1171	0.09002997662421745
147	N	1	15715	0	1171	0.09002997662421745
147	R	1	15715	0	1171	0.09002997662421745
147	S	15708	15715	1158	1171	1.2754704077720934e-22
148	D	1	15716	0	1151	0.08683788241579235
148	H	4	15716	223	1151	0.0
148	K	1	15716	6	1151	5.0876321269885755e-14
148	L	1	15716	0	1151	0.08683788241579235
148	N	2	15716	2	1151	0.014958637185554709
148	P	2	15716	0	1151	0.30798616838598564
148	Q	15702	15716	851	1151	0.0
148	R	3	15716	69	1151	6.621069687411391e-195
149	A	8	15714	0	1171	0.9391821062873386
149	E	17	15714	0	1171	0.5166446259689759
149	G	15623	15714	1171	1171	0.01620514267239616
149	K	12	15714	0	1171	0.7057057350098739
149	L	1	15714	0	1171	0.09004185163865205
149	R	51	15714	0	1171	0.09365411027546477
149	S	2	15714	0	1171	0.3145756325839525
150	A	65	15704	5	1169	0.8689679664417331
150	E	1	15704	0	1169	0.08984176074307497
150	G	1	15704	0	1169	0.08984176074307497
150	I	20	15704	0	1169	0.4351922495082021
150	L	1	15704	0	1169	0.08984176074307497
150	S	1	15704	0	1169	0.08984176074307497
150	V	15615	15704	1164	1169	0.6800320617142452
151	A	3	15665	0	1127	0.49072070016656677
151	G	2	15665	0	1127	0.30127754050605393
151	I	358	15665	126	1127	6.736649538827497e-66
151	L	1	15665	1	1127	0.30127754050605393
151	M	1	15665	0	1127	0.08362006961947653
151	N	1	15665	0	1127	0.08362006961947653
151	V	15299	15665	1000	1127	2.6683502125815046e-65
152	*	2	15700	0	1168	0.3139376130751391
152	E	15608	15700	1168	1168	0.0156304892470474
152	G	13	15700	0	1168	0.6618581702740263
152	H	1	15700	0	1168	0.08972977630775272
152	K	73	15700	0	1168	0.035338647656820626
152	Q	1	15700	0	1168	0.08972977630775272
152	R	2	15700	0	1168	0.3139376130751391
153	A	311	15700	15	1173	0.11521101488238991
153	C	2	15700	0	1173	0.31556676856281574
153	F	6	15700	2	1173	0.18939946458501272
153	G	0	15700	5	1173	2.8244157030671767e-13
153	I	1	15700	0	1173	0.09052744285415154
153	L	2	15700	0	1173	0.31556676856281574
153	P	2	15700	0	1173	0.31556676856281574
153	S	15372	15700	1151	1173	0.6972541979798401
153	T	3	15700	0	1173	0.5082002393172178
153	Y	1	15700	0	1173	0.09052744285415154
154	F	1	15667	0	1167	0.08996228769736389
154	I	373	15667	46	1167	0.0013523978913703545
154	K	1	15667	0	1167	0.08996228769736389
154	L	174	15667	29	1167	6.051950797501377e-05
154	M	15103	15667	1092	1167	1.621521724431054e-06
154	P	1	15667	0	1167	0.08996228769736389
154	Q	1	15667	0	1167	0.08996228769736389
154	R	3	15667	0	1167	0.506794501104644
154	T	6	15667	0	1167	0.8925144790109324
154	V	4	15667	0	1167	0.6610684315836711
155	D	3	15721	0	1121	0.48662476564961943
155	H	4	15721	282	1121	0.0
155	I	2	15721	0	1121	0.29794745242783677
155	K	1	15721	0	1121	0.08203949499841308
155	N	15707	15721	838	1121	0.0
155	S	3	15721	0	1121	0.48662476564961943
155	T	1	15721	1	1121	0.29794745242783677
156	E	2	15636	0	1160	0.31287595320041406
156	G	0	15636	1	1160	0.0892113764133857
156	H	188	15636	14	1160	0.8998203874192722
156	K	13671	15636	1027	1160	0.29420318177944077
156	L	2	15636	0	1160	0.31287595320041406
156	N	1710	15636	110	1160	0.13681712732456494
156	Q	1	15636	0	1160	0.0892113764133857
156	R	48	15636	7	1160	0.1501642880783647
156	S	14	15636	1	1160	0.6364028716496143
157	A	8	15667	0	1160	0.9426978213522109
157	D	10	15667	0	1160	0.8130912008095293
157	E	15002	15667	1072	1160	1.6234632493870298e-07
157	G	9	15667	0	1160	0.8740655973862774
157	H	187	15667	16	1160	0.6746992734392085
157	K	74	15667	0	1160	0.03434760833082826
157	N	4	15667	0	1160	0.658031006400607
157	P	1	15667	0	1160	0.08884424921272993
157	Q	368	15667	71	1160	1.578987821399279e-14
157	T	4	15667	0	1160	0.658031006400607
157	Y	0	15667	1	1160	0.08884424921272993
158	F	4	15711	0	1169	0.6605169323965066
158	I	7	15711	3	1169	0.024324457299808665
158	L	15695	15711	1165	1169	0.062348483280264065
158	P	1	15711	0	1169	0.08975872868309628
158	R	1	15711	0	1169	0.08975872868309628
158	S	2	15711	0	1169	0.3139968443145635
158	V	1	15711	1	1169	0.3139968443145635
159	E	1	15709	0	1168	0.08962308840553933
159	K	15696	15709	1168	1168	0.6621604779196044
159	M	1	15709	0	1168	0.08962308840553933
159	N	1	15709	0	1168	0.08962308840553933
159	Q	2	15709	0	1168	0.3137193179543992
159	R	8	15709	0	1168	0.9404082110359067
160	A	3	15654	0	1157	0.5031850793405829
160	D	1	15654	0	1157	0.0885188585169202
160	E	13	15654	0	1157	0.6653024193080066
160	G	2	15654	0	1157	0.31145423618714285
160	H	1	15654	0	1157	0.0885188585169202
160	I	3	15654	0	1157	0.5031850793405829
160	K	14901	15654	1070	1157	6.034236238059787e-05
160	L	1	15654	0	1157	0.0885188585169202
160	N	222	15654	20	1157	0.46687589944744823
160	Q	232	15654	44	1157	4.2305970789395595e-09
160	R	116	15654	8	1157	0.990291842073885
160	S	99	15654	3	1157	0.16728837419411507
160	T	60	15654	12	1157	0.0022634771552443177
161	A	1	15697	0	1167	0.08960589584160004
161	F	1	15697	1	1167	0.3136841232829749
161	I	15459	15697	1146	1167	0.5248815709624416
161	L	30	15697	2	1167	0.8421813269268472
161	Q	185	15697	16	1167	0.656511024606319
161	S	1	15697	0	1167	0.08960589584160004
161	T	10	15697	2	1167	0.4461269285394047
161	V	9	15697	0	1167	0.8718288526435641
161	Y	1	15697	0	1167	0.08960589584160004
162	F	1	15674	0	1169	0.09019855274567644
162	I	15573	15674	1160	1169	0.7446314807712715
162	L	6	15674	0	1169	0.8931954355285785
162	M	1	15674	1	1169	0.3148956660410793
162	R	1	15674	0	1169	0.09019855274567644
162	T	2	15674	0	1169	0.3148956660410793
162	V	89	15674	8	1169	0.7584047568046017
162	Y	1	15674	0	1169	0.09019855274567644
163	A	83	15606	8	1125	0.5621248737705313
163	D	59	15606	5	1125	0.9216767227724904
163	E	603	15606	37	1125	0.3731140300348901
163	G	14248	15606	969	1125	7.551290613386457e-09
163	H	6	15606	1	1125	0.9647014293051287
163	I	2	15606	0	1125	0.30202628559374517
163	K	38	15606	19	1125	7.812723609129164e-15
163	L	2	15606	0	1125	0.30202628559374517
163	M	10	15606	0	1125	0.8276160342234233
163	N	34	15606	1	1125	0.5642037831224309
163	Q	139	15606	12	1125	0.6602337538797856
163	R	121	15606	40	1125	1.219736537775251e-19
163	S	145	15606	12	1125	0.7626431940417852
163	T	57	15606	15	1125	5.23860849470293e-06
163	V	57	15606	6	1125	0.5241196911880577
163	W	2	15606	0	1125	0.30202628559374517
164	E	2	15701	1	1172	0.5077740880928503
164	H	2	15701	0	1172	0.31521692338246043
164	K	31	15701	5	1172	0.18946787302889068
164	L	2	15701	0	1172	0.31521692338246043
164	P	2	15701	1	1172	0.5077740880928503
164	Q	15487	15701	1151	1172	0.2804691298654646
164	R	175	15701	14	1172	0.9147517092388898
165	A	3	15631	0	1162	0.5058685100972693
165	H	1	15631	0	1162	0.08959093128718092
165	I	1123	15631	75	1162	0.3822579855409376
165	L	4	15631	2	1162	0.08091573086775956
165	M	0	15631	1	1162	0.08959093128718092
165	V	14500	15631	1084	1162	0.5440531880466026
166	*	1	15699	0	1166	0.0894227752804149
166	G	11	15699	0	1166	0.7567731083058076
166	K	96	15699	0	1166	0.013281457657056748
166	P	1	15699	0	1166	0.0894227752804149
166	R	15589	15699	1166	1166	0.007381093509066108
166	S	1	15699	0	1166	0.0894227752804149
167	D	12357	15613	1094	1163	1.2133803760821836e-34
167	E	3219	15613	68	1163	2.9391231296512187e-34
167	G	6	15613	0	1163	0.8925247479547347
167	H	0	15613	1	1163	0.089965837765216
167	K	6	15613	0	1163	0.8925247479547347
167	N	24	15613	0	1163	0.34931183837069546
167	Q	1	15613	0	1163	0.089965837765216
168	A	1	15698	0	1169	0.08991299707189389
168	E	1	15698	0	1169	0.08991299707189389
168	P	4	15698	1	1169	0.7869524056863171
168	Q	15690	15698	1167	1169	0.3148886272650021
168	R	2	15698	1	1169	0.5066717299499857
169	A	15672	15697	1164	1169	0.08157183968639305
169	D	2	15697	0	1169	0.31433657027283657
169	G	3	15697	0	1169	0.5067013255559234
169	I	1	15697	0	1169	0.08992487572012149
169	P	1	15697	0	1169	0.08992487572012149
169	S	4	15697	2	1169	0.08134509109769807
169	T	9	15697	1	1169	0.8099358467150748
169	V	5	15697	2	1169	0.13090960537747323
170	A	2	15705	5	1164	2.0792309786508915e-09
170	D	1	15705	1	1164	0.3125105814615523
170	E	15469	15705	1141	1164	0.2528324991062645
170	G	5	15705	0	1164	0.7844615228285321
170	I	1	15705	0	1164	0.08903319661762055
170	K	43	15705	0	1164	0.13720517145766872
170	L	1	15705	0	1164	0.08903319661762055
170	N	165	15705	14	1164	0.7334621191307644
170	Q	0	15705	1	1164	0.08903319661762055
170	R	1	15705	0	1164	0.08903319661762055
170	V	17	15705	2	1164	0.86412263204943
171	H	15211	15653	1127	1162	0.77834637572474
171	L	36	15653	3	1162	0.901858966861384
171	P	5	15653	1	1162	0.890685500432784
171	Q	151	15653	11	1162	0.9243652691302147
171	R	7	15653	1	1162	0.9412698323556928
171	S	20	15653	2	1162	0.9863704743392977
171	T	165	15653	14	1162	0.7377372216197018
171	Y	58	15653	3	1162	0.7175006080207592
172	F	14	15688	2	1168	0.699934540748999
172	H	2	15688	0	1168	0.31422896164323677
172	I	73	15688	7	1168	0.6729234494779384
172	L	15460	15688	1150	1168	0.9085925953020595
172	M	28	15688	3	1168	0.8032652024237564
172	P	6	15688	0	1168	0.8922546622340544
172	T	1	15688	0	1168	0.08987224013624973
172	V	104	15688	6	1168	0.6725019247475453
173	E	187	15613	16	1169	0.706106296674777
173	K	14987	15613	1133	1169	0.13424377656714911
173	M	1	15613	0	1169	0.09092875694302567
173	Q	1	15613	0	1169	0.09092875694302567
173	R	437	15613	20	1169	0.034724882370157854
174	A	6	15707	1	1170	0.9825163056280786
174	I	2	15707	0	1170	0.3144197694317948
174	Q	1	15707	0	1170	0.0899655785340015
174	R	1	15707	0	1170	0.0899655785340015
174	S	1	15707	0	1170	0.0899655785340015
174	T	15696	15707	1169	1170	0.7059236794417468
175	A	15508	15709	1153	1169	0.8993108541176262
175	I	147	15709	12	1169	0.8784336842051497
175	L	1	15709	0	1169	0.08978244367329574
175	P	1	15709	0	1169	0.08978244367329574
175	S	1	15709	0	1169	0.08978244367329574
175	T	11	15709	0	1169	0.7557322470754775
175	V	40	15709	4	1169	0.7879156322639972
176	A	1	15676	0	1169	0.09017471908405032
176	E	2	15676	0	1169	0.31484700084900064
176	F	1	15676	0	1169	0.09017471908405032
176	G	1	15676	0	1169	0.09017471908405032
176	I	14	15676	0	1169	0.6197962001341764
176	L	106	15676	12	1169	0.22872076518362705
176	R	1	15676	0	1169	0.09017471908405032
176	S	1	15676	0	1169	0.09017471908405032
176	T	3	15676	0	1169	0.5073233796320856
176	V	15546	15676	1157	1169	0.5852716100702764
177	A	1	15692	0	1168	0.08982472508409929
177	H	4	15692	0	1168	0.6606958037627908
177	I	11	15692	0	1168	0.7556099441422598
177	L	223	15692	18	1168	0.837155929778778
177	P	3	15692	0	1168	0.5064517303625058
177	Q	15439	15692	1148	1168	0.8877205254335281
177	R	1	15692	2	1168	0.0033002610009985546
177	S	2	15692	0	1168	0.31413180880448394
177	T	5	15692	0	1168	0.7867031025782867
177	V	3	15692	0	1168	0.5064517303625058
178	I	11	15699	0	1169	0.7553893107235823
178	K	3	15699	0	1169	0.5066421367070075
178	L	3	15699	0	1169	0.5066421367070075
178	M	15676	15699	1169	1169	0.368766875842238
178	R	1	15699	0	1169	0.0899011201174782
178	T	1	15699	0	1169	0.0899011201174782
178	V	4	15699	0	1169	0.6609027945097632
179	A	15688	15704	1167	1170	0.28524292558030656
179	G	2	15704	2	1170	0.016092079909839633
179	N	1	15704	0	1170	0.09000121157380811
179	S	7	15704	1	1170	0.939300919148339
179	T	4	15704	0	1170	0.6611738471308267
179	V	2	15704	0	1170	0.31449258744392655
180	A	24	15702	1	1170	0.8539534930983796
180	I	20	15702	6	1170	0.0042868546227400935
180	K	1	15702	0	1170	0.09002497539786837
180	L	1	15702	0	1170	0.09002497539786837
180	P	1	15702	0	1170	0.09002497539786837
180	T	17	15702	1	1170	0.8151966152397996
180	V	15638	15702	1162	1170	0.24379487491470103
181	F	15155	15655	1089	1166	1.1406242296224642e-09
181	H	187	15655	15	1166	0.8896744316192221
181	I	2	15655	0	1166	0.31437829595725175
181	L	265	15655	62	1166	1.3634291984380071e-17
181	S	2	15655	0	1166	0.31437829595725175
181	Y	44	15655	0	1166	0.12964393354530274
182	C	182	15678	15	1168	0.8123998084944911
182	F	2	15678	1	1168	0.5068663928538594
182	G	1	15678	0	1168	0.08999114650933535
182	I	15276	15678	1134	1168	0.5321594489443153
182	L	3	15678	0	1168	0.5068663928538594
182	S	2	15678	0	1168	0.31447200423007865
182	V	211	15678	18	1168	0.6708466855486854
182	Y	1	15678	0	1168	0.08999114650933535
183	H	15449	15651	1152	1168	0.9228920645656251
183	L	3	15651	0	1168	0.507667410962059
183	M	184	15651	15	1168	0.8486319998293261
183	P	7	15651	1	1168	0.9383897526362125
183	R	3	15651	0	1168	0.507667410962059
183	Y	5	15651	0	1168	0.788080520078011
184	I	2	15664	0	1168	0.3148126494830905
184	N	15661	15664	1168	1168	0.5072815196489894
184	T	1	15664	0	1168	0.09015790084081811
185	F	15619	15656	1166	1168	0.8958438241138026
185	L	4	15656	0	1168	0.661855872942571
185	V	1	15656	0	1168	0.0902533387861239
185	Y	32	15656	2	1168	0.9249011319751301
186	*	2	15660	0	1168	0.3149100594312969
186	K	15653	15660	1168	1168	0.9832154767601451
186	P	1	15660	0	1168	0.09020560618619869
186	R	4	15660	0	1168	0.6617268251966418
187	E	4	15621	0	1168	0.6629866573978657
187	G	5	15621	0	1168	0.7890908715103127
187	K	197	15621	20	1168	0.23696863884742897
187	N	2	15621	0	1168	0.3158617380660322
187	R	15409	15621	1148	1168	0.3826195064791007
187	S	1	15621	0	1168	0.09067216428925323
187	T	3	15621	0	1168	0.5085594633923745
188	E	1	15597	0	1166	0.09063912824166878
188	G	1	15597	0	1166	0.09063912824166878
188	K	14903	15597	1125	1166	0.15352723083663938
188	N	6	15597	0	1166	0.894462559200761
188	R	684	15597	41	1166	0.18262091631480032
188	T	1	15597	0	1166	0.09063912824166878
188	W	1	15597	0	1166	0.09063912824166878
189	E	3	15663	0	1168	0.5073111893505133
189	G	15638	15663	1165	1168	0.678507349194464
189	K	2	15663	0	1168	0.31483699852074687
189	R	20	15663	3	1168	0.457984476610219
190	E	7	15676	1	1168	0.9392606715199651
190	G	15660	15676	1167	1168	0.7589968615344921
190	K	1	15676	0	1168	0.09001494815725082
190	R	8	15676	0	1168	0.9392606715199651
191	D	1	15651	0	1169	0.09047312924944503
191	F	2	15651	0	1169	0.3154559764849949
191	I	15618	15651	1168	1169	0.5601643164398855
191	L	13	15651	0	1169	0.6597586906171058
191	M	9	15651	0	1169	0.8692960974134823
191	T	1	15651	0	1169	0.09047312924944503
191	V	7	15651	1	1169	0.9379227997775288
192	A	5	15672	0	1169	0.7878251373913123
192	E	6	15672	0	1169	0.8932640921682683
192	G	15640	15672	1168	1169	0.5877689194895975
192	K	4	15672	0	1169	0.6617722240775634
192	R	16	15672	0	1169	0.5478921315328222
192	W	1	15672	1	1169	0.3149443404178419
193	D	313	15615	29	1166	0.3088077386412591
193	E	559	15615	56	1166	0.03912050180243233
193	G	14658	15615	1070	1166	0.005175419831984773
193	K	3	15615	1	1166	0.6623147544115093
193	N	1	15615	0	1166	0.09042318630251897
193	R	78	15615	9	1166	0.29936821482766685
193	S	1	15615	1	1166	0.3153540836878918
193	V	2	15615	0	1166	0.3153540836878918
194	C	35	15652	8	1164	0.006504308454125302
194	D	1	15652	1	1164	0.3137971309019082
194	F	3	15652	1	1164	0.6602522108260926
194	H	8	15652	0	1164	0.9402965352839565
194	L	1	15652	1	1164	0.3137971309019082
194	M	185	15652	15	1164	0.8541270390160817
194	N	1	15652	0	1164	0.08966112829161556
194	S	3	15652	0	1164	0.5060437014301601
194	T	2	15652	0	1164	0.3137971309019082
194	V	1	15652	0	1164	0.08966112829161556
194	Y	15412	15652	1138	1164	0.08439225761697942
195	A	1	15628	0	1164	0.08994704547405269
195	C	147	15628	15	1164	0.3093792015750306
195	G	2	15628	1	1164	0.5067564960005702
195	H	1	15628	2	1164	0.0033121837650148056
195	I	1	15628	0	1164	0.08994704547405269
195	N	3	15628	0	1164	0.5067564960005702
195	R	2	15628	0	1164	0.31438184444481065
195	S	14997	15628	1110	1164	0.3554227479703038
195	T	474	15628	36	1164	0.979173061569144
196	A	15388	15642	1141	1166	0.22150363673715281
196	G	1	15642	0	1166	0.09010031430544661
196	P	246	15642	23	1166	0.353054404092763
196	S	1	15642	0	1166	0.09010031430544661
196	T	5	15642	1	1166	0.8929124364349804
196	V	1	15642	1	1166	0.3146950220979997
197	A	141	15659	13	1168	0.5641501737773171
197	E	22	15659	0	1168	0.3886125733077803
197	G	15448	15659	1151	1168	0.8596399797808965
197	R	6	15659	0	1168	0.893250114664559
197	S	42	15659	4	1168	0.8584366973270301
198	D	76	15635	6	1169	0.9291043410044385
198	E	15515	15635	1162	1169	0.6402229903393382
198	G	5	15635	1	1169	0.8945358896027428
198	H	1	15635	0	1169	0.09066467125617902
198	K	5	15635	0	1169	0.7890698164692032
198	Q	33	15635	0	1169	0.218743923833511
199	G	3	15650	1	1168	0.6620495155417246
199	I	1	15650	0	1168	0.0903249888265426
199	K	8	15650	0	1168	0.9383548876535661
199	R	15638	15650	1167	1168	0.6601760505939778
200	E	1	15633	0	1169	0.09068864478196177
200	F	2	15633	0	1169	0.31589532989201363
200	I	15275	15633	1142	1169	0.9537196386084158
200	L	270	15633	19	1169	0.8873928183986388
200	M	73	15633	7	1169	0.6807760210309177
200	T	4	15633	0	1169	0.6630311069065427
200	V	8	15633	1	1169	0.8686690054214673
201	E	1	15383	0	1146	0.08998726705430578
201	G	1	15383	0	1146	0.08998726705430578
201	I	10793	15383	552	1146	7.725921002612137e-54
201	L	14	15383	0	1146	0.6203155107858174
201	M	2	15383	0	1146	0.314463899241289
201	T	1	15383	0	1146	0.08998726705430578
201	V	4571	15383	594	1146	1.5679394239303795e-54
202	D	15448	15641	1153	1169	0.7915804306967984
202	E	1	15641	0	1169	0.0905927917340218
202	G	4	15641	1	1169	0.7888677595103124
202	H	1	15641	0	1169	0.0905927917340218
202	N	186	15641	15	1169	0.8842080999857704
202	V	1	15641	0	1169	0.0905927917340218
203	F	1	15489	0	1153	0.08984235948562999
203	I	14413	15489	1071	1153	0.8788201290041326
203	L	56	15489	0	1153	0.07481399504449013
203	M	1003	15489	80	1153	0.5803778180903815
203	T	2	15489	1	1153	0.5064955029341571
203	V	14	15489	1	1153	0.6392756093370788
204	I	15440	15633	1159	1164	0.020656382286767458
204	K	1	15633	0	1164	0.08988739833446055
204	L	141	15633	0	1164	0.0020196337156559046
204	M	3	15633	0	1164	0.5066078840185404
204	N	1	15633	0	1164	0.08988739833446055
204	S	1	15633	0	1164	0.08988739833446055
204	T	1	15633	0	1164	0.08988739833446055
204	V	45	15633	5	1164	0.563758987475758
205	A	15006	15605	1119	1166	0.8023081205218023
205	P	2	15605	0	1166	0.3155986082651944
205	S	364	15605	29	1166	0.8133028617992603
205	T	232	15605	18	1166	0.9762543307207028
205	V	1	15605	0	1166	0.0905430853731699
206	A	53	15555	5	1165	0.8126611837101191
206	P	4	15555	0	1165	0.6638266467054232
206	S	3015	15555	204	1165	0.127349261321136
206	T	12483	15555	956	1165	0.14384173453723767
207	A	1	15620	0	1165	0.09020291917527502
207	D	15134	15620	1143	1165	0.02370421152654519
207	E	308	15620	21	1165	0.7699225643712333
207	G	11	15620	0	1165	0.7545181727040556
207	H	21	15620	0	1165	0.41067790523080316
207	N	61	15620	1	1165	0.16049230876787873
207	Q	81	15620	0	1165	0.024785507359381113
207	V	3	15620	0	1165	0.5073934918615755
208	F	2	15533	0	1148	0.3114352245413983
208	I	14511	15533	1038	1148	0.00012195296611955097
208	L	676	15533	72	1148	0.0030865208848968343
208	M	153	15533	22	1148	0.004529869665100479
208	Q	185	15533	15	1148	0.8361813312801692
208	R	1	15533	0	1148	0.08850964667720458
208	T	2	15533	0	1148	0.3114352245413983
208	V	3	15533	1	1148	0.6571179616942897
209	*	1	15637	0	1166	0.09016001137884987
209	E	185	15637	15	1166	0.86187932795967
209	L	2	15637	0	1166	0.3148169435610525
209	P	17	15637	0	1166	0.5163289375700804
209	Q	15426	15637	1151	1166	0.9616027433135915
209	R	6	15637	0	1166	0.8930844426244537
210	A	8	15619	1	1164	0.870516538753682
210	D	1	15619	0	1164	0.09005451802665948
210	F	1	15619	0	1164	0.09005451802665948
210	H	1	15619	0	1164	0.09005451802665948
210	I	212	15619	21	1164	0.2597449221719257
210	L	1	15619	0	1164	0.09005451802665948
210	N	7	15619	0	1164	0.9827756137061674
210	S	15	15619	2	1164	0.7591870734513023
210	T	15364	15619	1140	1164	0.32408309494621546
210	V	9	15619	0	1164	0.870516538753682
211	A	2	15504	0	1157	0.3151192955411664
211	D	1	15504	0	1157	0.0903081512736643
211	E	5	15504	0	1157	0.7880667065289234
211	I	2	15504	0	1157	0.3151192955411664
211	K	13523	15504	1015	1157	0.6523642696303397
211	N	30	15504	1	1157	0.6443541412976841
211	P	1	15504	0	1157	0.0903081512736643
211	Q	384	15504	49	1157	0.0004148093599012467
211	R	1335	15504	85	1157	0.15245591570056768
211	S	2	15504	0	1157	0.3151192955411664
211	T	219	15504	7	1157	0.030857552703092313
212	A	136	15590	29	1164	1.5875485240542675e-07
212	E	15157	15590	1111	1164	0.0006941673403958438
212	F	182	15590	15	1164	0.8186898174631044
212	G	3	15590	0	1164	0.507887897514725
212	H	2	15590	0	1164	0.31531036339644103
212	I	20	15590	1	1164	0.9719088057472072
212	K	21	15590	1	1164	0.98094137455675
212	L	9	15590	4	1164	0.004601006195598295
212	N	6	15590	0	1164	0.8937803492064382
212	Q	32	15590	1	1164	0.5869553976781936
212	S	4	15590	0	1164	0.6622568755173266
212	T	2	15590	1	1164	0.507887897514725
212	V	14	15590	0	1164	0.6191632932235323
212	Y	2	15590	1	1164	0.507887897514725
213	F	18	15639	2	1167	0.9220241818395881
213	I	5	15639	0	1167	0.7880333607600141
213	L	15608	15639	1165	1167	0.8863531009462581
213	Q	3	15639	0	1167	0.5076257711718426
213	S	3	15639	0	1167	0.5076257711718426
213	V	1	15639	0	1167	0.09029630096136174
213	Y	1	15639	0	1167	0.09029630096136174
214	E	9	15629	1	1167	0.8085095917131382
214	H	15	15629	1	1167	0.702485261300225
214	K	1	15629	0	1167	0.09041591569856018
214	L	1	15629	0	1167	0.09041591569856018
214	P	5	15629	0	1167	0.7883701665329488
214	Q	15596	15629	1165	1167	0.9638161704229744
214	R	1	15629	0	1167	0.09041591569856018
214	T	1	15629	0	1167	0.09041591569856018
215	A	122	15559	11	1160	0.662939088108846
215	F	1	15559	0	1160	0.09013037561270762
215	H	1	15559	0	1160	0.09013037561270762
215	K	14335	15559	1072	1160	0.7746684067287333
215	N	945	15559	70	1160	0.9921566505881396
215	Q	17	15559	1	1160	0.8157130487312996
215	R	78	15559	2	1160	0.17847934682544164
215	S	17	15559	3	1160	0.32736059997740596
215	T	43	15559	1	1160	0.3562795018744096
216	*	1	15578	0	1164	0.09054587267276344
216	A	1	15578	0	1164	0.09054587267276344
216	H	302	15578	32	1164	0.07202330800993534
216	K	220	15578	16	1164	0.9810969251082899
216	N	94	15578	6	1164	0.8583536749974774
216	P	7	15578	0	1164	0.9842047681287804
216	Q	14884	15578	1109	1164	0.7214882533688781
216	R	69	15578	1	1164	0.11286344158459176
217	D	2	15609	0	1165	0.31517330164456364
217	F	4	15609	0	1165	0.6620754101678824
217	I	15289	15609	1140	1165	0.9082082360951989
217	K	5	15609	0	1165	0.7881411759448067
217	L	1	15609	0	1165	0.09033458368371984
217	M	2	15609	0	1165	0.31517330164456364
217	N	179	15609	15	1165	0.7706726917493584
217	R	1	15609	0	1165	0.09033458368371984
217	S	39	15609	0	1165	0.16368157408351347
217	T	1	15609	0	1165	0.09033458368371984
217	V	85	15609	10	1165	0.2401940383056484
217	Y	1	15609	0	1165	0.09033458368371984
218	A	3	15439	1	1160	0.6654363733374544
218	F	34	15439	0	1160	0.2064957121974933
218	H	1	15439	0	1160	0.09158302225580564
218	I	2353	15439	33	1160	6.387302761669575e-31
218	K	11	15439	1	1160	0.7013245719157957
218	L	373	15439	10	1160	0.0009729988909846837
218	M	19	15439	1	1160	0.9284465696320293
218	N	5	15439	0	1160	0.791643544154163
218	P	2	15439	0	1160	0.3177144924213894
218	Q	2	15439	2	1160	0.01667404090973348
218	R	1	15439	0	1160	0.09158302225580564
218	S	740	15439	122	1160	4.27115427534254e-17
218	T	11894	15439	990	1160	7.541954608195835e-11
218	V	1	15439	0	1160	0.09158302225580564
219	E	12	15613	0	1162	0.7063809463231965
219	I	2	15613	0	1162	0.31409237511065424
219	K	15050	15613	1112	1162	0.2540760341096245
219	N	317	15613	34	1162	0.05098291946635141
219	Q	200	15613	12	1162	0.5519518737623639
219	R	19	15613	1	1162	0.9195610227955164
219	T	12	15613	3	1162	0.13720438564347628
219	V	1	15613	0	1162	0.08980546497562636
220	D	2	15554	0	1160	0.31487895464449334
220	F	108	15554	4	1160	0.22205602658471274
220	I	14526	15554	1047	1160	5.818198554810685e-05
220	L	582	15554	83	1160	1.5150212674397132e-08
220	M	49	15554	6	1160	0.3711343802511413
220	S	1	15554	0	1160	0.09019040319419602
220	T	3	15554	0	1160	0.5073622931891442
220	V	283	15554	20	1160	0.9039300513915585
221	*	1	15620	0	1166	0.09036330106913447
221	E	8	15620	0	1166	0.9382430167484354
221	G	2	15620	0	1166	0.31523190817437813
221	H	44	15620	3	1166	0.8924831364001329
221	K	175	15620	14	1166	0.9148612518334723
221	N	10	15620	2	1166	0.4490575528774874
221	P	5	15620	0	1166	0.7882220438822484
221	Q	15023	15620	1121	1166	0.9879996170498471
221	R	45	15620	7	1166	0.11463991071356888
221	S	279	15620	19	1166	0.7826634058092259
221	T	28	15620	0	1166	0.282389661096051
222	A	3	15582	0	1161	0.5069269718738572
222	D	3	15582	1	1161	0.6612124500105179
222	H	62	15582	4	1161	0.9703342498816206
222	I	2	15582	0	1161	0.31452172390420513
222	K	766	15582	65	1161	0.3354388270330907
222	N	14709	15582	1090	1161	0.5061522738019193
222	Q	6	15582	0	1161	0.8926679997818434
222	R	3	15582	0	1161	0.5069269718738572
222	S	4	15582	0	1161	0.6612124500105179
222	T	23	15582	1	1161	0.8949463123296455
222	Y	1	15582	0	1161	0.0900155057453679
223	C	2	15637	0	1167	0.3151439855577356
223	F	15625	15637	1167	1167	0.7049105537048833
223	L	4	15637	0	1167	0.6620365932043712
223	S	1	15637	0	1167	0.09032021023273988
223	Y	5	15637	0	1167	0.7881007032022637
224	Q	182	15605	5	1165	0.03026560393345032
224	R	15412	15605	1160	1165	0.0202803867058936
224	S	1	15605	0	1165	0.09038251312236968
224	W	10	15605	0	1165	0.8086063016438265
225	A	5	15627	0	1165	0.7875343404047429
225	C	1	15627	2	1165	0.0033290227992260274
225	D	2	15627	0	1165	0.3147336711113494
225	G	1	15627	0	1165	0.09011924055733218
225	I	2	15627	0	1165	0.3147336711113494
225	P	1	15627	0	1165	0.09011924055733218
225	V	15615	15627	1163	1165	0.5779861648216489
226	*	1	15629	0	1167	0.09041591569856018
226	C	3	15629	0	1167	0.5079231052751493
226	F	3	15629	0	1167	0.5079231052751493
226	H	3	15629	0	1167	0.5079231052751493
226	L	1	15629	0	1167	0.09041591569856018
226	Y	15618	15629	1167	1167	0.7539049365900432
227	C	1	15613	0	1165	0.0902866816876712
227	F	582	15613	63	1165	0.0051391786987073015
227	H	3	15613	0	1165	0.5076018276408956
227	N	1	15613	0	1165	0.0902866816876712
227	Y	15026	15613	1102	1165	0.0062724760562938055
228	G	6	15616	0	1166	0.8938074951628977
228	K	10	15616	0	1166	0.8085231751918682
228	R	15598	15616	1166	1166	0.4863078890974083
228	T	1	15616	0	1166	0.09041120582842552
228	W	1	15616	0	1166	0.09041120582842552
229	A	1	15622	0	1163	0.08985838719685867
229	D	15394	15622	1140	1163	0.2007542417378681
229	E	217	15622	20	1163	0.42769752808546346
229	G	6	15622	1	1163	0.9822038760741456
229	N	4	15622	2	1163	0.08125938782155681
230	A	5	15544	0	1160	0.7880735793331133
230	D	1	15544	0	1160	0.09031058788949857
230	E	1	15544	0	1160	0.09031058788949857
230	G	211	15544	16	1160	0.9446928518702205
230	H	1	15544	0	1160	0.09031058788949857
230	K	0	15544	1	1160	0.09031058788949857
230	N	792	15544	112	1160	5.585631290524198e-11
230	P	2	15544	0	1160	0.31512429244007223
230	R	4	15544	31	1160	6.706225021881817e-78
230	S	14526	15544	1000	1160	2.5467035592336247e-20
230	T	1	15544	0	1160	0.09031058788949857
231	G	8	15591	0	1164	0.9381657376617004
231	I	1	15591	0	1164	0.09038976462072379
231	K	103	15591	10	1164	0.540247517078786
231	R	15476	15591	1154	1164	0.7732385645902514
231	S	1	15591	0	1164	0.09038976462072379
231	T	1	15591	0	1164	0.09038976462072379
231	V	1	15591	0	1164	0.09038976462072379
232	A	1	15566	0	1140	0.08683548878164644
232	D	15218	15566	1047	1140	6.973115740973638e-33
232	E	309	15566	45	1140	1.4632098878041991e-05
232	G	6	15566	0	1140	0.8834034082220974
232	N	30	15566	47	1140	6.697461686761631e-78
232	P	1	15566	0	1140	0.08683548878164644
232	S	0	15566	1	1140	0.08683548878164644
232	T	1	15566	0	1140	0.08683548878164644
233	A	3	15604	0	1167	0.508667483839449
233	H	3	15604	0	1167	0.508667483839449
233	L	1	15604	0	1167	0.09071570177398725
233	P	15407	15604	1151	1167	0.8541006111653124
233	Q	185	15604	15	1167	0.8704989972407606
233	R	1	15604	0	1167	0.09071570177398725
233	S	4	15604	1	1167	0.7892132056371459
234	C	4	15551	0	1155	0.6596015050426273
234	F	31	15551	16	1155	1.7413160771406027e-12
234	G	2	15551	0	1155	0.31330636895490155
234	H	50	15551	14	1155	7.454916109308552e-06
234	I	7127	15551	100	1155	2.602853892659232e-133
234	L	7463	15551	973	1155	1.2586872180796677e-124
234	M	1	15551	0	1155	0.08942144463959628
234	N	10	15551	0	1155	0.8114021034020105
234	P	2	15551	0	1155	0.31330636895490155
234	Q	5	15551	0	1155	0.7855623668654161
234	R	2	15551	0	1155	0.31330636895490155
234	S	292	15551	0	1155	4.608875417919767e-06
234	T	7	15551	0	1155	0.9809276009790091
234	V	553	15551	52	1155	0.11435423919216281
234	Y	2	15551	0	1155	0.31330636895490155
235	*	34	15622	0	1166	0.2087558173997382
235	G	1	15622	0	1166	0.09033935896788148
235	R	1	15622	0	1166	0.09033935896788148
235	S	1	15622	0	1166	0.09033935896788148
235	W	15585	15622	1166	1166	0.1802597183066369
236	E	1	15614	0	1165	0.09027471047449817
236	K	15602	15614	1164	1165	0.6603174637620857
236	Q	2	15614	0	1165	0.31505110687775745
236	R	9	15614	0	1165	0.869874051003827
236	T	0	15614	1	1165	0.09027471047449817
237	E	5	15619	0	1167	0.7887072063771658
237	G	15602	15619	1167	1167	0.5153306450088116
237	R	12	15619	0	1167	0.7042964170197004
238	A	1	15614	0	1167	0.09059565873198987
238	L	3	15614	0	1167	0.5083695533796792
238	P	15604	15614	1167	1167	0.8079888019604795
238	Q	2	15614	0	1167	0.3157057980515824
238	S	4	15614	0	1167	0.6627802954546529
239	A	15413	15612	1152	1169	0.6958961972221127
239	D	1	15612	0	1169	0.09094078056178467
239	E	2	15612	0	1169	0.31640885416990894
239	G	185	15612	15	1169	0.8739866076229763
239	K	1	15612	0	1169	0.09094078056178467
239	P	4	15612	0	1169	0.6637104602536885
239	R	2	15612	0	1169	0.31640885416990894
239	S	1	15612	0	1169	0.09094078056178467
239	T	2	15612	1	1169	0.5092256191590212
239	V	0	15612	1	1169	0.09094078056178467
239	Y	1	15612	0	1169	0.09094078056178467
240	D	3	15602	0	1163	0.5071307745165449
240	E	183	15602	14	1163	0.9626469399740977
240	I	1	15602	0	1163	0.09009735463869394
240	K	15209	15602	1140	1163	0.29509217540646604
240	L	1	15602	0	1163	0.09009735463869394
240	N	3	15602	0	1163	0.5071307745165449
240	Q	100	15602	0	1163	0.011052419881832486
240	R	95	15602	8	1163	0.8902233426673228
240	S	1	15602	0	1163	0.09009735463869394
240	T	6	15602	1	1163	0.9829004130714
241	A	1	15600	0	1169	0.09108519801710761
241	F	1	15600	7	1169	1.559661821563768e-16
241	H	1	15600	0	1169	0.09108519801710761
241	I	9	15600	0	1169	0.8675175612343164
241	L	15582	15600	1161	1169	1.1685574305222489e-05
241	P	4	15600	1	1169	0.7902501618539765
241	V	2	15600	0	1169	0.3167027546716558
242	F	2	15565	6	1167	6.82710575967224e-12
242	I	1	15565	1	1167	0.31690678894086777
242	L	15556	15565	1160	1167	1.244564927068646e-07
242	P	1	15565	0	1167	0.09118551378121759
242	S	1	15565	0	1167	0.09118551378121759
242	V	3	15565	0	1167	0.5098316994687223
242	W	1	15565	0	1167	0.09118551378121759
243	*	44	15603	0	1166	0.12877329727880354
243	G	1	15603	0	1166	0.09056708578267106
243	L	0	15603	1	1166	0.09056708578267106
243	R	5	15603	1	1166	0.8942556070900967
243	V	1	15603	0	1166	0.09056708578267106
243	W	15552	15603	1164	1166	0.5214688169860009
244	E	10	15607	0	1165	0.8086758134290319
244	K	15587	15607	1165	1165	0.4338877483543595
244	N	1	15607	0	1165	0.09035854497161656
244	P	1	15607	0	1165	0.09035854497161656
244	R	8	15607	0	1165	0.9382568571758024
245	A	1	15606	0	1167	0.09069167943008972
245	C	1	15606	0	1167	0.09069167943008972
245	E	1	15606	0	1167	0.09069167943008972
245	G	15594	15606	1167	1167	0.7038524950160452
245	R	2	15606	0	1167	0.3159014978191254
245	S	7	15606	0	1167	0.9846279125514806
246	A	1	15605	0	1167	0.09070368974315615
246	D	128	15605	8	1167	0.7445457924900523
246	E	15462	15605	1159	1167	0.5191216272646171
246	G	4	15605	0	1167	0.6630716516245758
246	H	1	15605	0	1167	0.09070368974315615
246	K	9	15605	0	1167	0.8686251556522255
247	E	1	15606	0	1166	0.09053108774408246
247	G	15571	15606	1166	1166	0.19839124529837793
247	K	4	15606	0	1166	0.6626060523614836
247	R	30	15606	0	1166	0.25460143253286444
248	A	15589	15604	1162	1165	0.24649051607797212
248	G	2	15604	0	1165	0.3152955542940962
248	S	5	15604	1	1165	0.8937594509401002
248	T	3	15604	2	1165	0.04259408413252166
248	V	5	15604	0	1165	0.7883098762473775
249	A	3	15573	0	1166	0.5091937054385512
249	I	26	15573	2	1166	0.7378886469802007
249	L	4	15573	0	1166	0.6636757961789661
249	V	15540	15573	1164	1166	0.9671382714118196
250	A	5	15560	0	1167	0.7907005209558648
250	E	1	15560	0	1167	0.09124593591706125
250	G	1	15560	0	1167	0.09124593591706125
250	I	182	15560	13	1167	0.9763937173453272
250	K	1	15560	0	1167	0.09124593591706125
250	L	22	15560	2	1167	0.8887748593840888
250	P	1	15560	0	1167	0.09124593591706125
250	V	15347	15560	1152	1167	0.9151641326647435
251	A	6	15533	0	1164	0.8957513230230199
251	G	1	15533	0	1164	0.09108849906831054
251	I	15070	15533	1139	1164	0.12426609958035195
251	L	266	15533	9	1164	0.02093577432677594
251	M	1	15533	1	1164	0.31670943087399456
251	T	1	15533	0	1164	0.09108849906831054
251	V	188	15533	15	1164	0.9230724390729268
252	E	7	15545	0	1165	0.9858247460672036
252	H	1	15545	0	1165	0.0911047598554342
252	K	227	15545	18	1165	0.9156872150381805
252	L	3	15545	0	1165	0.5096317662163805
252	P	1	15545	0	1165	0.0911047598554342
252	Q	15302	15545	1147	1165	0.9407500232837402
252	R	4	15545	0	1165	0.6641517149794367
253	A	2	15509	0	1156	0.3146664735538188
253	D	14944	15509	1071	1156	5.421151412920158e-10
253	E	288	15509	56	1156	1.1683472373804818e-11
253	G	4	15509	0	1156	0.6614042028258773
253	H	61	15509	3	1156	0.6432967915566559
253	K	0	15509	1	1156	0.09008637719962766
253	N	8	15509	1	1156	0.8704230782163728
253	P	1	15509	0	1156	0.09008637719962766
253	V	188	15509	16	1156	0.7083524351476531
253	Y	13	15509	8	1156	2.0621425156579054e-07
254	D	21	15518	1	1163	0.9773841275143162
254	E	2	15518	0	1163	0.31675018850535896
254	G	201	15518	18	1163	0.5511973234955911
254	H	22	15518	1	1163	0.93238154772812
254	I	2	15518	0	1163	0.31675018850535896
254	K	252	15518	14	1163	0.3261798750457732
254	N	14901	15518	1111	1163	0.4516698944771653
254	Q	65	15518	14	1163	0.0004014859329923093
254	R	4	15518	0	1163	0.6641618560102064
254	S	43	15518	4	1163	0.8981534583667761
254	T	4	15518	0	1163	0.6641618560102064
254	Y	1	15518	0	1163	0.09110853743244633
255	A	41	15490	3	1157	0.7930766927283731
255	C	2	15490	0	1157	0.31546404632180014
255	D	11	15490	0	1157	0.753727894602219
255	E	11	15490	0	1157	0.753727894602219
255	G	330	15490	18	1157	0.22572691209765508
255	H	1	15490	0	1157	0.09047713300893753
255	K	31	15490	6	1157	0.05806299685068719
255	N	588	15490	16	1157	3.284955332656122e-05
255	Q	8	15490	2	1157	0.3166874981767897
255	R	52	15490	6	1157	0.4473997890874917
255	S	14251	15490	1093	1157	0.003105667361699162
255	T	164	15490	13	1157	0.9530486755475343
256	D	12861	15434	884	1158	1.4947054017525359e-09
256	E	2555	15434	274	1158	7.185513303796996e-10
256	G	3	15434	0	1158	0.5101618282283864
256	H	1	15434	0	1158	0.09131898852080161
256	K	2	15434	0	1158	0.31717808806515857
256	N	5	15434	0	1158	0.7909050321191876
256	V	2	15434	0	1158	0.31717808806515857
256	Y	5	15434	0	1158	0.7909050321191876
257	I	15517	15547	1166	1167	0.639263822150107
257	K	0	15547	1	1167	0.0914032359952205
257	L	11	15547	0	1167	0.7510737148478384
257	M	2	15547	0	1167	0.3173493713577074
257	T	3	15547	0	1167	0.5103702608949663
257	V	14	15547	0	1167	0.6163883318106433
258	E	5	15551	0	1167	0.791005306633058
258	K	15538	15551	1165	1167	0.6461334994281676
258	N	0	15551	1	1167	0.09135480479008003
258	R	8	15551	1	1167	0.8667363935640272
259	A	3	15523	0	1156	0.5066841310205094
259	E	1	15523	0	1156	0.08991803786143925
259	G	1	15523	0	1156	0.08991803786143925
259	I	134	15523	17	1156	0.052097376322227565
259	L	1	15523	1	1156	0.3143224894608163
259	V	15383	15523	1138	1156	0.039278876149291216
260	G	1	15517	0	1166	0.09160563204996354
260	I	162	15517	9	1166	0.45986737383121834
260	L	3	15517	2	1166	0.04355131272211094
260	M	1	15517	0	1166	0.09160563204996354
260	R	0	15517	1	1166	0.09160563204996354
260	V	15350	15517	1154	1166	0.9975120201193427
261	F	1	15521	1	1167	0.31798999234327274
261	P	15505	15521	1166	1167	0.7671633476951429
261	Q	1	15521	0	1167	0.09171871583455103
261	S	14	15521	0	1167	0.6155183946583259
262	E	0	15443	1	1167	0.09267223721111102
262	F	1	15443	0	1167	0.09267223721111102
262	G	2	15443	2	1167	0.01708081953338773
262	K	15	15443	0	1167	0.5756121461151743
262	L	3	15443	0	1167	0.5134972743499624
262	R	15419	15443	1164	1167	0.6495212903515735
262	S	3	15443	0	1167	0.5134972743499624
263	G	3	15510	0	1164	0.5102811202185042
263	K	11	15510	3	1164	0.11012093722414275
263	R	15495	15510	1161	1164	0.2498383003918465
263	S	1	15510	0	1164	0.09136719703048764
264	*	1	15484	0	1160	0.09103533765509703
264	E	7	15484	0	1160	0.9856239465061011
264	K	15457	15484	1155	1160	0.11472902980959555
264	N	3	15484	0	1160	0.5094597814200434
264	R	13	15484	5	1160	0.0026484362806006158
264	S	1	15484	0	1160	0.09103533765509703
264	T	2	15484	0	1160	0.316601232583766
265	A	13194	15290	1081	1157	6.366535133058057e-12
265	E	2	15290	0	1157	0.3204397719934569
265	G	1	15290	0	1157	0.09292882096796619
265	I	2	15290	0	1157	0.3204397719934569
265	P	1	15290	0	1157	0.09292882096796619
265	Q	1	15290	0	1157	0.09292882096796619
265	S	2	15290	0	1157	0.3204397719934569
265	T	14	15290	1	1157	0.6532229604393707
265	V	2073	15290	75	1157	7.842817537586686e-12
266	E	1	15443	0	1164	0.09218432085144156
266	K	15437	15443	1164	1164	0.8988787701723097
266	N	1	15443	0	1164	0.09218432085144156
266	Q	2	15443	0	1164	0.31893397170874627
266	R	2	15443	0	1164	0.31893397170874627
267	F	1	15357	0	1154	0.09160927940965746
267	I	15337	15357	1153	1154	0.9779648975663333
267	N	1	15357	0	1154	0.09160927940965746
267	T	2	15357	0	1154	0.3177677548919383
267	V	16	15357	1	1154	0.7666400984969893
268	F	2	15283	0	1153	0.31928629980591794
268	I	15061	15283	1126	1153	0.023922007608740404
268	L	194	15283	24	1153	0.028453242735137944
268	M	0	15283	1	1153	0.09235836134974297
268	N	1	15283	0	1153	0.09235836134974297
268	P	1	15283	0	1153	0.09235836134974297
268	S	1	15283	0	1153	0.09235836134974297
268	T	4	15283	0	1153	0.6675115756223953
268	V	19	15283	2	1153	0.9816983781479713
269	G	3	15198	1	1153	0.6703347687192409
269	I	1	15198	0	1153	0.09341861964435857
269	K	2172	15198	37	1153	4.1576507970960286e-26
269	M	1	15198	0	1153	0.09341861964435857
269	N	1	15198	0	1153	0.09341861964435857
269	Q	1	15198	0	1153	0.09341861964435857
269	R	13014	15198	1115	1153	5.941708650477364e-26
269	T	4	15198	0	1153	0.6703347687192409
269	V	1	15198	0	1153	0.09341861964435857
270	A	0	15206	1	1146	0.09216164960745603
270	C	1	15206	0	1146	0.09216164960745603
270	D	14916	15206	1106	1146	0.00036160655712226785
270	E	69	15206	6	1146	0.9120042053742646
270	G	6	15206	0	1146	0.8988144362106618
270	H	122	15206	24	1146	1.5561326420166178e-05
270	N	86	15206	9	1146	0.4577937937436676
270	Q	2	15206	0	1146	0.3188879006075829
270	S	1	15206	0	1146	0.09216164960745603
270	V	3	15206	0	1146	0.5122413033601313
271	C	1	15129	0	1140	0.0921289220834129
271	D	2	15129	0	1140	0.3188215475545614
271	F	1	15129	0	1140	0.0921289220834129
271	H	5	15129	0	1140	0.7931666487829261
271	N	1	15129	0	1140	0.0921289220834129
271	S	1	15129	0	1140	0.0921289220834129
271	Y	15118	15129	1140	1140	0.7490028375620796
272	A	2	15134	0	1139	0.3183586330341833
272	E	2	15134	1	1139	0.5115978039883127
272	G	15107	15134	1138	1139	0.7331930849008539
272	K	3	15134	0	1139	0.5115978039883127
272	R	20	15134	0	1139	0.43002577438733103
273	E	4	15137	0	1137	0.6652980147265624
273	G	179	15137	14	1137	0.9964068931096695
273	I	1	15137	0	1137	0.09153153999859358
273	K	14892	15137	1119	1137	0.9756366697930263
273	N	7	15137	0	1137	0.9870584800946659
273	Q	34	15137	4	1137	0.5902940036765351
273	R	19	15137	0	1137	0.4562104629322854
273	T	1	15137	0	1137	0.09153153999859358
274	G	18	15083	1	1137	0.8798489895358843
274	H	2	15083	0	1137	0.31897867251703715
274	K	8	15083	0	1137	0.9328969774148564
274	Q	14893	15083	1123	1137	0.9560112015492916
274	R	162	15083	13	1137	0.9447640127111316
275	I	3	15029	0	1133	0.5123805541345642
275	K	22	15029	1	1133	0.9268336819039551
275	M	14747	15029	1105	1133	0.19510702762125956
275	Q	155	15029	13	1133	0.826229136293448
275	V	102	15029	14	1133	0.050094158690407724
276	A	14821	15007	1119	1133	0.8979833410906306
276	D	4	15007	1	1133	0.7941875145449242
276	E	175	15007	12	1133	0.856729349937175
276	G	5	15007	1	1133	0.8997641210560589
276	P	1	15007	0	1133	0.0924958107928242
276	T	1	15007	0	1133	0.0924958107928242
277	C	8	14618	3	1139	0.047067447514504056
277	D	6	14618	0	1139	0.9167547344130084
277	E	2	14618	0	1139	0.3317550325158931
277	G	14412	14618	1119	1139	0.41306991809021365
277	L	95	14618	10	1139	0.47016143704075675
277	M	69	14618	4	1139	0.7249005148470964
277	N	1	14618	0	1139	0.09859227132008984
277	R	4	14618	3	1139	0.0036028412903126293
277	S	6	14618	0	1139	0.9167547344130084
277	V	13	14618	0	1139	0.6375477698108583
277	Y	2	14618	0	1139	0.3317550325158931
278	A	2143	14559	17	1122	6.971097914058365e-35
278	D	12089	14559	1089	1122	7.387923549786102e-35
278	E	13	14559	5	1122	0.003291984476821261
278	G	51	14559	4	1122	0.819530838287435
278	H	2	14559	0	1122	0.32748606800284324
278	I	1	14559	0	1122	0.096441467013296
278	N	177	14559	7	1122	0.10308933091268538
278	P	3	14559	0	1122	0.5226674957248818
278	R	1	14559	0	1122	0.096441467013296
278	S	20	14559	0	1122	0.4189550317826254
278	T	55	14559	0	1122	0.07180184325277626
278	V	2	14559	0	1122	0.32748606800284324
278	Y	2	14559	0	1122	0.32748606800284324
279	A	8	14166	0	1128	0.9030402860826509
279	C	17	14166	1	1128	0.8763647515512543
279	D	13691	14166	1082	1128	0.22764087678126832
279	E	1	14166	0	1128	0.102919601928371
279	G	250	14166	22	1128	0.7362774169164918
279	H	0	14166	1	1128	0.102919601928371
279	I	1	14166	0	1128	0.102919601928371
279	N	45	14166	8	1128	0.05869143315644643
279	R	0	14166	1	1128	0.102919601928371
279	S	153	14166	13	1128	0.9388898612194707
280	C	13973	14228	1110	1127	0.5632745158584744
280	D	1	14228	0	1127	0.1018621308088523
280	G	114	14228	9	1127	0.8697775088726534
280	N	1	14228	0	1127	0.1018621308088523
280	R	3	14228	0	1127	0.5355668979877667
280	S	132	14228	8	1127	0.5632381794801076
280	V	1	14228	0	1127	0.1018621308088523
280	W	2	14228	0	1127	0.3381811790200916
280	Y	1	14228	0	1127	0.1018621308088523
281	A	16	14185	1	1122	0.8131151419430698
281	E	2	14185	0	1122	0.3376246047420399
281	G	6	14185	0	1122	0.9248566955388902
281	L	18	14185	0	1122	0.4584098859506467
281	M	418	14185	6	1122	3.4049312690868078e-06
281	P	67	14185	6	1122	0.9464831729996324
281	R	1	14185	0	1122	0.10157744030650255
281	S	75	14185	5	1122	0.8755992726231677
281	T	10	14185	0	1122	0.7773333329400639
281	V	13572	14185	1104	1122	1.4968703146710641e-05
282	A	14042	14235	1118	1132	0.8410766730978568
282	D	20	14235	1	1132	0.968692365131562
282	E	2	14235	0	1132	0.3397254106789262
282	F	1	14235	0	1132	0.1026535438329834
282	G	3	14235	0	1132	0.5374232490118923
282	H	120	14235	12	1132	0.5522331084570761
282	N	37	14235	1	1132	0.41918406213107007
282	P	4	14235	0	1132	0.694252492087057
282	Q	1	14235	0	1132	0.1026535438329834
282	R	1	14235	0	1132	0.1026535438329834
282	T	4	14235	0	1132	0.694252492087057
283	C	1	14018	0	1105	0.1008925276088778
283	D	67	14018	0	1105	0.0386397470415206
283	G	6113	14018	133	1105	2.6505353126953526e-93
283	I	2	14018	0	1105	0.3362832502417724
283	L	151	14018	12	1105	0.9012609504478104
283	M	8	14018	0	1105	0.9085398089451556
283	N	42	14018	2	1105	0.6783095949309592
283	Q	1	14018	0	1105	0.1008925276088778
283	R	2	14018	1	1105	0.5332832321973162
283	S	7615	14018	956	1105	9.827468156432108e-96
283	T	1	14018	0	1105	0.1008925276088778
283	V	15	14018	1	1105	0.7504409010541859
284	E	175	14073	14	1119	0.9060441383060946
284	G	548	14073	60	1119	0.019701302142449896
284	I	4	14073	1	1119	0.821558563945109
284	K	6	14073	0	1119	0.9276873021253254
284	R	13333	14073	1044	1119	0.046088748863577444
284	S	1	14073	0	1119	0.102632271387674
284	T	6	14073	0	1119	0.9276873021253254
285	*	2	14147	0	1129	0.34111964576179843
285	D	20	14147	1	1129	0.9653518100953278
285	G	149	14147	12	1129	0.9038240132489317
285	K	1	14147	0	1129	0.10336999568702741
285	P	25	14147	1	1129	0.751779920334842
285	Q	13929	14147	1113	1129	0.8414923356384023
285	R	16	14147	1	1129	0.821246174490341
285	S	5	14147	1	1129	0.9296570503918563
286	A	154	14044	12	1123	0.9503349949805332
286	D	13195	14044	1063	1123	0.3740075098799458
286	E	43	14044	1	1123	0.3107878980129487
286	G	11	14044	0	1123	0.7171712186171171
286	H	1	14044	0	1123	0.10377083091025432
286	K	1	14044	0	1123	0.10377083091025432
286	L	1	14044	0	1123	0.10377083091025432
286	N	533	14044	45	1123	0.7826069835599958
286	R	1	14044	0	1123	0.10377083091025432
286	S	2	14044	1	1123	0.5400325328221997
286	T	98	14044	1	1123	0.024756439335046034
286	V	4	14044	0	1123	0.6970695924192617
287	A	17	13971	0	1127	0.47768553636859357
287	D	7	13971	0	1127	0.9741584233235644
287	E	13737	13971	1111	1127	0.5999379319811069
287	G	6	13971	0	1127	0.9354531210253552
287	K	23	13971	2	1127	0.7803542557153001
287	Q	8	13971	0	1127	0.8959771718036245
287	R	171	13971	14	1127	0.9305919756285324
287	T	1	13971	0	1127	0.1055578752265503
287	V	1	13971	0	1127	0.1055578752265503
288	A	1	13916	0	1122	0.10545504047089956
288	D	13146	13916	1084	1122	0.002713715155892606
288	E	173	13916	13	1122	0.9155516600336633
288	G	21	13916	1	1122	0.9085662342647268
288	I	3	13916	0	1122	0.5439415288843538
288	K	2	13916	0	1122	0.3451577463994834
288	N	486	13916	21	1122	0.004994085772993978
288	Q	15	13916	3	1122	0.299050720791033
288	S	64	13916	0	1122	0.04154289789760369
288	T	5	13916	0	1122	0.8289157212524638
